{
 "cells": [
  {
   "cell_type": "markdown",
   "metadata": {},
   "source": [
    "# **Average gene expression and chromatin accessibility**"
   ]
  },
  {
   "cell_type": "markdown",
   "metadata": {},
   "source": [
    "## **Introduction**"
   ]
  },
  {
   "cell_type": "markdown",
   "metadata": {},
   "source": [
    "The `average` function is designed to return a *Pandas.DataFrame* that represents *gene expression* or c*hromatin accessibility* across various cell types for selected features. This tutorial demonstrates several possible applications of the `average` function."
   ]
  },
  {
   "cell_type": "markdown",
   "metadata": {},
   "source": [
    "## **Prerequisite**"
   ]
  },
  {
   "cell_type": "code",
   "execution_count": 11,
   "metadata": {},
   "outputs": [],
   "source": [
    "import atlasapprox\n",
    "\n",
    "api = atlasapprox.API()"
   ]
  },
  {
   "cell_type": "markdown",
   "metadata": {},
   "source": [
    "For detailed initial setup instructions, refer to the [Quick Start Tutorial](link to quick_start)."
   ]
  },
  {
   "cell_type": "markdown",
   "metadata": {},
   "source": [
    "## **Get average gene expression**"
   ]
  },
  {
   "cell_type": "markdown",
   "metadata": {},
   "source": [
    "This example illustrates a simple application of the `average` function, which allows you to calculate the *average gene expression* for selected genes,  within a specific organ of an organism.\n",
    "\n",
    "The following example shows how to get the average expression of four genes (*TP53*, *KRAS*, *EGFR*, *ALK*) in the human lung:"
   ]
  },
  {
   "cell_type": "code",
   "execution_count": 46,
   "metadata": {},
   "outputs": [
    {
     "data": {
      "text/html": [
       "<div>\n",
       "<style scoped>\n",
       "    .dataframe tbody tr th:only-of-type {\n",
       "        vertical-align: middle;\n",
       "    }\n",
       "\n",
       "    .dataframe tbody tr th {\n",
       "        vertical-align: top;\n",
       "    }\n",
       "\n",
       "    .dataframe thead th {\n",
       "        text-align: right;\n",
       "    }\n",
       "</style>\n",
       "<table border=\"1\" class=\"dataframe\">\n",
       "  <thead>\n",
       "    <tr style=\"text-align: right;\">\n",
       "      <th></th>\n",
       "      <th>neutrophil</th>\n",
       "      <th>basophil</th>\n",
       "      <th>monocyte</th>\n",
       "      <th>macrophage</th>\n",
       "      <th>dendritic</th>\n",
       "      <th>B</th>\n",
       "      <th>plasma</th>\n",
       "      <th>T</th>\n",
       "      <th>NK</th>\n",
       "      <th>plasmacytoid</th>\n",
       "      <th>...</th>\n",
       "      <th>capillary</th>\n",
       "      <th>CAP2</th>\n",
       "      <th>lymphatic</th>\n",
       "      <th>fibroblast</th>\n",
       "      <th>alveolar fibroblast</th>\n",
       "      <th>smooth muscle</th>\n",
       "      <th>vascular smooth muscle</th>\n",
       "      <th>pericyte</th>\n",
       "      <th>mesothelial</th>\n",
       "      <th>ionocyte</th>\n",
       "    </tr>\n",
       "  </thead>\n",
       "  <tbody>\n",
       "    <tr>\n",
       "      <th>TP53</th>\n",
       "      <td>0.054815</td>\n",
       "      <td>0.119978</td>\n",
       "      <td>0.327787</td>\n",
       "      <td>0.132754</td>\n",
       "      <td>0.238697</td>\n",
       "      <td>0.178123</td>\n",
       "      <td>0.038301</td>\n",
       "      <td>0.202786</td>\n",
       "      <td>0.239634</td>\n",
       "      <td>0.074571</td>\n",
       "      <td>...</td>\n",
       "      <td>0.219169</td>\n",
       "      <td>0.126632</td>\n",
       "      <td>0.254856</td>\n",
       "      <td>0.175867</td>\n",
       "      <td>0.160920</td>\n",
       "      <td>0.110756</td>\n",
       "      <td>0.193365</td>\n",
       "      <td>0.252695</td>\n",
       "      <td>0.152536</td>\n",
       "      <td>0.227391</td>\n",
       "    </tr>\n",
       "    <tr>\n",
       "      <th>KRAS</th>\n",
       "      <td>1.529643</td>\n",
       "      <td>0.436303</td>\n",
       "      <td>0.977728</td>\n",
       "      <td>0.489622</td>\n",
       "      <td>0.443576</td>\n",
       "      <td>0.562167</td>\n",
       "      <td>0.243355</td>\n",
       "      <td>0.826480</td>\n",
       "      <td>0.767580</td>\n",
       "      <td>0.467747</td>\n",
       "      <td>...</td>\n",
       "      <td>1.357422</td>\n",
       "      <td>1.346849</td>\n",
       "      <td>0.794639</td>\n",
       "      <td>0.249971</td>\n",
       "      <td>0.388602</td>\n",
       "      <td>0.582125</td>\n",
       "      <td>0.251247</td>\n",
       "      <td>0.708356</td>\n",
       "      <td>0.319821</td>\n",
       "      <td>0.714599</td>\n",
       "    </tr>\n",
       "    <tr>\n",
       "      <th>EGFR</th>\n",
       "      <td>0.016721</td>\n",
       "      <td>0.024823</td>\n",
       "      <td>0.028325</td>\n",
       "      <td>0.011413</td>\n",
       "      <td>0.000949</td>\n",
       "      <td>0.138468</td>\n",
       "      <td>0.031597</td>\n",
       "      <td>0.064145</td>\n",
       "      <td>0.051909</td>\n",
       "      <td>0.000000</td>\n",
       "      <td>...</td>\n",
       "      <td>0.579046</td>\n",
       "      <td>0.736705</td>\n",
       "      <td>0.085129</td>\n",
       "      <td>0.666291</td>\n",
       "      <td>0.720418</td>\n",
       "      <td>0.670286</td>\n",
       "      <td>0.528496</td>\n",
       "      <td>0.980535</td>\n",
       "      <td>0.225700</td>\n",
       "      <td>2.810568</td>\n",
       "    </tr>\n",
       "  </tbody>\n",
       "</table>\n",
       "<p>3 rows × 30 columns</p>\n",
       "</div>"
      ],
      "text/plain": [
       "      neutrophil  basophil  monocyte  macrophage  dendritic         B  \\\n",
       "TP53    0.054815  0.119978  0.327787    0.132754   0.238697  0.178123   \n",
       "KRAS    1.529643  0.436303  0.977728    0.489622   0.443576  0.562167   \n",
       "EGFR    0.016721  0.024823  0.028325    0.011413   0.000949  0.138468   \n",
       "\n",
       "        plasma         T        NK  plasmacytoid  ...  capillary      CAP2  \\\n",
       "TP53  0.038301  0.202786  0.239634      0.074571  ...   0.219169  0.126632   \n",
       "KRAS  0.243355  0.826480  0.767580      0.467747  ...   1.357422  1.346849   \n",
       "EGFR  0.031597  0.064145  0.051909      0.000000  ...   0.579046  0.736705   \n",
       "\n",
       "      lymphatic  fibroblast  alveolar fibroblast  smooth muscle  \\\n",
       "TP53   0.254856    0.175867             0.160920       0.110756   \n",
       "KRAS   0.794639    0.249971             0.388602       0.582125   \n",
       "EGFR   0.085129    0.666291             0.720418       0.670286   \n",
       "\n",
       "      vascular smooth muscle  pericyte  mesothelial  ionocyte  \n",
       "TP53                0.193365  0.252695     0.152536  0.227391  \n",
       "KRAS                0.251247  0.708356     0.319821  0.714599  \n",
       "EGFR                0.528496  0.980535     0.225700  2.810568  \n",
       "\n",
       "[3 rows x 30 columns]"
      ]
     },
     "metadata": {},
     "output_type": "display_data"
    }
   ],
   "source": [
    "avg_gene_expr_lung = api.average(\n",
    "    organism = \"h_sapiens\", \n",
    "    organ = \"lung\", \n",
    "    features = [\"TP53\", \"KRAS\", \"EGFR\", \"ALK\"], \n",
    "    # measurement_type = 'gene_expression'\n",
    ")\n",
    "\n",
    "# Display the result\n",
    "display(avg_gene_expr_lung)"
   ]
  },
  {
   "cell_type": "markdown",
   "metadata": {},
   "source": [
    "### **Output**\n",
    "\n",
    "The `avg_gene_expr_lung` variable contains a Pandas DataFrame where:\n",
    "* Each row represents a gene.\n",
    "* Each column corresponds to a cell type.\n",
    "* The values indicate the average gene expression, measured in counts per ten thousand (cptt)."
   ]
  },
  {
   "cell_type": "markdown",
   "metadata": {},
   "source": [
    "## **Get gene expression via organs**"
   ]
  },
  {
   "cell_type": "markdown",
   "metadata": {},
   "source": [
    "This example demonstrates how to get the average gene expression of selected features across multiple organs, specifically within a particular cell type. In this case, four genes (TP53, KRAS, EGFR, and ALK) are analyzed."
   ]
  },
  {
   "cell_type": "code",
   "execution_count": 116,
   "metadata": {},
   "outputs": [
    {
     "name": "stdout",
     "output_type": "stream",
     "text": [
      "Current cell type: neutrophil\n"
     ]
    },
    {
     "data": {
      "text/html": [
       "<div>\n",
       "<style scoped>\n",
       "    .dataframe tbody tr th:only-of-type {\n",
       "        vertical-align: middle;\n",
       "    }\n",
       "\n",
       "    .dataframe tbody tr th {\n",
       "        vertical-align: top;\n",
       "    }\n",
       "\n",
       "    .dataframe thead th {\n",
       "        text-align: right;\n",
       "    }\n",
       "</style>\n",
       "<table border=\"1\" class=\"dataframe\">\n",
       "  <thead>\n",
       "    <tr style=\"text-align: right;\">\n",
       "      <th></th>\n",
       "      <th>lung</th>\n",
       "      <th>gut</th>\n",
       "      <th>marrow</th>\n",
       "    </tr>\n",
       "  </thead>\n",
       "  <tbody>\n",
       "    <tr>\n",
       "      <th>TP53</th>\n",
       "      <td>0.054815</td>\n",
       "      <td>0.160057</td>\n",
       "      <td>0.037409</td>\n",
       "    </tr>\n",
       "    <tr>\n",
       "      <th>KRAS</th>\n",
       "      <td>1.529643</td>\n",
       "      <td>0.793704</td>\n",
       "      <td>1.094597</td>\n",
       "    </tr>\n",
       "    <tr>\n",
       "      <th>EGFR</th>\n",
       "      <td>0.016721</td>\n",
       "      <td>0.000000</td>\n",
       "      <td>0.004238</td>\n",
       "    </tr>\n",
       "    <tr>\n",
       "      <th>ALK</th>\n",
       "      <td>0.000000</td>\n",
       "      <td>0.000000</td>\n",
       "      <td>0.000568</td>\n",
       "    </tr>\n",
       "  </tbody>\n",
       "</table>\n",
       "</div>"
      ],
      "text/plain": [
       "          lung       gut    marrow\n",
       "TP53  0.054815  0.160057  0.037409\n",
       "KRAS  1.529643  0.793704  1.094597\n",
       "EGFR  0.016721  0.000000  0.004238\n",
       "ALK   0.000000  0.000000  0.000568"
      ]
     },
     "metadata": {},
     "output_type": "display_data"
    },
    {
     "name": "stdout",
     "output_type": "stream",
     "text": [
      "Current cell type: B\n"
     ]
    },
    {
     "data": {
      "text/html": [
       "<div>\n",
       "<style scoped>\n",
       "    .dataframe tbody tr th:only-of-type {\n",
       "        vertical-align: middle;\n",
       "    }\n",
       "\n",
       "    .dataframe tbody tr th {\n",
       "        vertical-align: top;\n",
       "    }\n",
       "\n",
       "    .dataframe thead th {\n",
       "        text-align: right;\n",
       "    }\n",
       "</style>\n",
       "<table border=\"1\" class=\"dataframe\">\n",
       "  <thead>\n",
       "    <tr style=\"text-align: right;\">\n",
       "      <th></th>\n",
       "      <th>lung</th>\n",
       "      <th>gut</th>\n",
       "      <th>marrow</th>\n",
       "    </tr>\n",
       "  </thead>\n",
       "  <tbody>\n",
       "    <tr>\n",
       "      <th>TP53</th>\n",
       "      <td>0.178123</td>\n",
       "      <td>0.127678</td>\n",
       "      <td>0.355219</td>\n",
       "    </tr>\n",
       "    <tr>\n",
       "      <th>KRAS</th>\n",
       "      <td>0.562167</td>\n",
       "      <td>1.738706</td>\n",
       "      <td>0.663666</td>\n",
       "    </tr>\n",
       "    <tr>\n",
       "      <th>EGFR</th>\n",
       "      <td>0.138468</td>\n",
       "      <td>0.002238</td>\n",
       "      <td>0.000066</td>\n",
       "    </tr>\n",
       "    <tr>\n",
       "      <th>ALK</th>\n",
       "      <td>0.000000</td>\n",
       "      <td>0.000000</td>\n",
       "      <td>0.001408</td>\n",
       "    </tr>\n",
       "  </tbody>\n",
       "</table>\n",
       "</div>"
      ],
      "text/plain": [
       "          lung       gut    marrow\n",
       "TP53  0.178123  0.127678  0.355219\n",
       "KRAS  0.562167  1.738706  0.663666\n",
       "EGFR  0.138468  0.002238  0.000066\n",
       "ALK   0.000000  0.000000  0.001408"
      ]
     },
     "metadata": {},
     "output_type": "display_data"
    }
   ],
   "source": [
    "import pandas as pd\n",
    "\n",
    "def traverse_organ(organ_list):\n",
    "    chosen_organism = \"h_sapiens\"\n",
    "    chosen_cell_type = ['neutrophil', 'B']\n",
    "    chosen_genes = [\"TP53\", \"KRAS\", \"EGFR\", \"ALK\"]\n",
    "\n",
    "    for cell_type in chosen_cell_type:\n",
    "        df_combined = pd.DataFrame()\n",
    "        # Display gene expression via organs\n",
    "        for organ in organ_list:\n",
    "            # If the chosen organ does't contain the specific cell type, show \"/\" in the corresponding cell\n",
    "            if organ not in api.celltype_location(organism=chosen_organism, cell_type=cell_type):\n",
    "                empty_column = ['/'] * len(chosen_genes)\n",
    "                df_combined[organ] = empty_column\n",
    "                df_combined = df_combined.set_index(pd.Index(chosen_genes))\n",
    "                continue\n",
    "            \n",
    "            # Get average gene expression of each organ\n",
    "            avg_expr = api.average(\n",
    "                organism=chosen_organism, \n",
    "                organ=organ, \n",
    "                features=chosen_genes, \n",
    "                # measurement_type = 'gene_expression'\n",
    "            )\n",
    "            # Filter data with specific cell types\n",
    "            filtered_cell_type_df = pd.DataFrame(avg_expr[cell_type])\n",
    "        \n",
    "            # Add new col with different organ to pandas.dataframe\n",
    "            df_combined[organ] = filtered_cell_type_df\n",
    "        \n",
    "        # Rename columns with organs\n",
    "        df_combined.columns = organ_list\n",
    "        print(f\"Current cell type: {cell_type}\")\n",
    "        display(df_combined)\n",
    "\n",
    "organ_list = ['lung', 'gut', 'marrow']\n",
    "# organ_list = api.organs(organism=chosen_organism)\n",
    "traverse_organ(organ_list)"
   ]
  },
  {
   "cell_type": "markdown",
   "metadata": {},
   "source": [
    "### **Output**\n",
    "The *traverse_organ* function returns several Pandas DataFrames where:\n",
    "\n",
    "* Each DataFrame displays the gene expression levels of selected genes across the specified organs.\n",
    "* Rows represent individual genes.\n",
    "* Columns correspond to different organs.\n",
    "* The values indicate the average gene expression, measured in counts per ten thousand (cptt)."
   ]
  },
  {
   "cell_type": "markdown",
   "metadata": {},
   "source": [
    "## **Filtering data by selected cell types**"
   ]
  },
  {
   "cell_type": "markdown",
   "metadata": {},
   "source": [
    "This example demonstrates how to filter `avg_gene_expr_lung` to display only the selected cell types (*neutrophil*, *macrophage*, *plasma*)."
   ]
  },
  {
   "cell_type": "code",
   "execution_count": null,
   "metadata": {},
   "outputs": [
    {
     "data": {
      "text/html": [
       "<div>\n",
       "<style scoped>\n",
       "    .dataframe tbody tr th:only-of-type {\n",
       "        vertical-align: middle;\n",
       "    }\n",
       "\n",
       "    .dataframe tbody tr th {\n",
       "        vertical-align: top;\n",
       "    }\n",
       "\n",
       "    .dataframe thead th {\n",
       "        text-align: right;\n",
       "    }\n",
       "</style>\n",
       "<table border=\"1\" class=\"dataframe\">\n",
       "  <thead>\n",
       "    <tr style=\"text-align: right;\">\n",
       "      <th></th>\n",
       "      <th>neutrophil</th>\n",
       "      <th>macrophage</th>\n",
       "      <th>plasma</th>\n",
       "    </tr>\n",
       "  </thead>\n",
       "  <tbody>\n",
       "    <tr>\n",
       "      <th>COL13A1</th>\n",
       "      <td>0.000000</td>\n",
       "      <td>0.000711</td>\n",
       "      <td>0.002205</td>\n",
       "    </tr>\n",
       "    <tr>\n",
       "      <th>COL14A1</th>\n",
       "      <td>0.000000</td>\n",
       "      <td>0.001362</td>\n",
       "      <td>0.002607</td>\n",
       "    </tr>\n",
       "    <tr>\n",
       "      <th>TGFBI</th>\n",
       "      <td>0.065150</td>\n",
       "      <td>1.252701</td>\n",
       "      <td>0.083882</td>\n",
       "    </tr>\n",
       "    <tr>\n",
       "      <th>PDGFRA</th>\n",
       "      <td>0.000000</td>\n",
       "      <td>0.002414</td>\n",
       "      <td>0.000000</td>\n",
       "    </tr>\n",
       "    <tr>\n",
       "      <th>GZMA</th>\n",
       "      <td>0.013437</td>\n",
       "      <td>0.029326</td>\n",
       "      <td>0.063292</td>\n",
       "    </tr>\n",
       "  </tbody>\n",
       "</table>\n",
       "</div>"
      ],
      "text/plain": [
       "         neutrophil  macrophage    plasma\n",
       "COL13A1    0.000000    0.000711  0.002205\n",
       "COL14A1    0.000000    0.001362  0.002607\n",
       "TGFBI      0.065150    1.252701  0.083882\n",
       "PDGFRA     0.000000    0.002414  0.000000\n",
       "GZMA       0.013437    0.029326  0.063292"
      ]
     },
     "metadata": {},
     "output_type": "display_data"
    }
   ],
   "source": [
    "# Filter your data with specific cell types\n",
    "chosen_cell_type = ['neutrophil', 'macrophage', 'plasma']\n",
    "filtered_cell_type_df = avg_gene_expr_lung[chosen_cell_type]\n",
    "\n",
    "display(filtered_cell_type_df)"
   ]
  },
  {
   "cell_type": "markdown",
   "metadata": {},
   "source": [
    "### **Output**\n",
    "`filtered_cell_type_df` gives a *Pandas DataFrame* where:\n",
    "* Each row represents a gene.  \n",
    "* Each column corresponds to a cell type.\n",
    "* The values indicate the average gene expression (measured in counts per ten thousand, or cptt).\n",
    "* only selected cell types (*'neutrophil', 'macrophage', 'plasma'*) from the `avg_gene_expr_lung` are displayed."
   ]
  },
  {
   "cell_type": "markdown",
   "metadata": {},
   "source": [
    "## **Sorting gene expression by cell type**"
   ]
  },
  {
   "cell_type": "markdown",
   "metadata": {},
   "source": [
    "This example shows how to sort `avg_gene_expr_lung` by the average gene expression in a specific cell type (neutrophils), in ascending order."
   ]
  },
  {
   "cell_type": "code",
   "execution_count": 4,
   "metadata": {},
   "outputs": [
    {
     "data": {
      "text/html": [
       "<div>\n",
       "<style scoped>\n",
       "    .dataframe tbody tr th:only-of-type {\n",
       "        vertical-align: middle;\n",
       "    }\n",
       "\n",
       "    .dataframe tbody tr th {\n",
       "        vertical-align: top;\n",
       "    }\n",
       "\n",
       "    .dataframe thead th {\n",
       "        text-align: right;\n",
       "    }\n",
       "</style>\n",
       "<table border=\"1\" class=\"dataframe\">\n",
       "  <thead>\n",
       "    <tr style=\"text-align: right;\">\n",
       "      <th></th>\n",
       "      <th>neutrophil</th>\n",
       "      <th>basophil</th>\n",
       "      <th>monocyte</th>\n",
       "      <th>macrophage</th>\n",
       "      <th>dendritic</th>\n",
       "      <th>B</th>\n",
       "      <th>plasma</th>\n",
       "      <th>T</th>\n",
       "      <th>NK</th>\n",
       "      <th>plasmacytoid</th>\n",
       "      <th>...</th>\n",
       "      <th>capillary</th>\n",
       "      <th>CAP2</th>\n",
       "      <th>lymphatic</th>\n",
       "      <th>fibroblast</th>\n",
       "      <th>alveolar fibroblast</th>\n",
       "      <th>smooth muscle</th>\n",
       "      <th>vascular smooth muscle</th>\n",
       "      <th>pericyte</th>\n",
       "      <th>mesothelial</th>\n",
       "      <th>ionocyte</th>\n",
       "    </tr>\n",
       "  </thead>\n",
       "  <tbody>\n",
       "    <tr>\n",
       "      <th>COL13A1</th>\n",
       "      <td>0.000000</td>\n",
       "      <td>0.222863</td>\n",
       "      <td>0.000000</td>\n",
       "      <td>0.000711</td>\n",
       "      <td>0.000000</td>\n",
       "      <td>0.000000</td>\n",
       "      <td>0.002205</td>\n",
       "      <td>0.000000</td>\n",
       "      <td>0.029147</td>\n",
       "      <td>0.000000</td>\n",
       "      <td>...</td>\n",
       "      <td>0.003937</td>\n",
       "      <td>0.000000</td>\n",
       "      <td>0.000000</td>\n",
       "      <td>0.005113</td>\n",
       "      <td>0.446961</td>\n",
       "      <td>0.000000</td>\n",
       "      <td>0.131642</td>\n",
       "      <td>0.067960</td>\n",
       "      <td>0.000000</td>\n",
       "      <td>0.000000</td>\n",
       "    </tr>\n",
       "    <tr>\n",
       "      <th>COL14A1</th>\n",
       "      <td>0.000000</td>\n",
       "      <td>0.000000</td>\n",
       "      <td>0.001422</td>\n",
       "      <td>0.001362</td>\n",
       "      <td>0.000000</td>\n",
       "      <td>0.000000</td>\n",
       "      <td>0.002607</td>\n",
       "      <td>0.000000</td>\n",
       "      <td>0.000000</td>\n",
       "      <td>0.000000</td>\n",
       "      <td>...</td>\n",
       "      <td>0.007525</td>\n",
       "      <td>0.026666</td>\n",
       "      <td>0.059648</td>\n",
       "      <td>1.110076</td>\n",
       "      <td>1.226022</td>\n",
       "      <td>1.033389</td>\n",
       "      <td>2.108460</td>\n",
       "      <td>0.033580</td>\n",
       "      <td>0.000000</td>\n",
       "      <td>0.000000</td>\n",
       "    </tr>\n",
       "    <tr>\n",
       "      <th>PDGFRA</th>\n",
       "      <td>0.000000</td>\n",
       "      <td>0.000000</td>\n",
       "      <td>0.000965</td>\n",
       "      <td>0.002414</td>\n",
       "      <td>0.003172</td>\n",
       "      <td>0.000000</td>\n",
       "      <td>0.000000</td>\n",
       "      <td>0.005035</td>\n",
       "      <td>0.000000</td>\n",
       "      <td>0.000000</td>\n",
       "      <td>...</td>\n",
       "      <td>0.011427</td>\n",
       "      <td>0.002920</td>\n",
       "      <td>0.000000</td>\n",
       "      <td>1.772957</td>\n",
       "      <td>3.724075</td>\n",
       "      <td>0.128634</td>\n",
       "      <td>0.059852</td>\n",
       "      <td>0.000000</td>\n",
       "      <td>0.332479</td>\n",
       "      <td>0.000000</td>\n",
       "    </tr>\n",
       "    <tr>\n",
       "      <th>GZMA</th>\n",
       "      <td>0.013437</td>\n",
       "      <td>0.142837</td>\n",
       "      <td>0.174047</td>\n",
       "      <td>0.029326</td>\n",
       "      <td>0.020453</td>\n",
       "      <td>0.025113</td>\n",
       "      <td>0.063292</td>\n",
       "      <td>9.006065</td>\n",
       "      <td>19.687157</td>\n",
       "      <td>0.000000</td>\n",
       "      <td>...</td>\n",
       "      <td>0.044351</td>\n",
       "      <td>0.042996</td>\n",
       "      <td>0.073877</td>\n",
       "      <td>0.029919</td>\n",
       "      <td>0.081036</td>\n",
       "      <td>0.119041</td>\n",
       "      <td>0.000000</td>\n",
       "      <td>0.460141</td>\n",
       "      <td>0.044982</td>\n",
       "      <td>0.058806</td>\n",
       "    </tr>\n",
       "    <tr>\n",
       "      <th>TGFBI</th>\n",
       "      <td>0.065150</td>\n",
       "      <td>0.111107</td>\n",
       "      <td>1.802062</td>\n",
       "      <td>1.252701</td>\n",
       "      <td>2.190132</td>\n",
       "      <td>0.000000</td>\n",
       "      <td>0.083882</td>\n",
       "      <td>0.100460</td>\n",
       "      <td>0.326610</td>\n",
       "      <td>4.492828</td>\n",
       "      <td>...</td>\n",
       "      <td>0.045932</td>\n",
       "      <td>0.067610</td>\n",
       "      <td>0.521915</td>\n",
       "      <td>0.393191</td>\n",
       "      <td>0.175393</td>\n",
       "      <td>0.311884</td>\n",
       "      <td>0.258512</td>\n",
       "      <td>0.119010</td>\n",
       "      <td>0.404976</td>\n",
       "      <td>0.032419</td>\n",
       "    </tr>\n",
       "  </tbody>\n",
       "</table>\n",
       "<p>5 rows × 30 columns</p>\n",
       "</div>"
      ],
      "text/plain": [
       "         neutrophil  basophil  monocyte  macrophage  dendritic         B  \\\n",
       "COL13A1    0.000000  0.222863  0.000000    0.000711   0.000000  0.000000   \n",
       "COL14A1    0.000000  0.000000  0.001422    0.001362   0.000000  0.000000   \n",
       "PDGFRA     0.000000  0.000000  0.000965    0.002414   0.003172  0.000000   \n",
       "GZMA       0.013437  0.142837  0.174047    0.029326   0.020453  0.025113   \n",
       "TGFBI      0.065150  0.111107  1.802062    1.252701   2.190132  0.000000   \n",
       "\n",
       "           plasma         T         NK  plasmacytoid  ...  capillary  \\\n",
       "COL13A1  0.002205  0.000000   0.029147      0.000000  ...   0.003937   \n",
       "COL14A1  0.002607  0.000000   0.000000      0.000000  ...   0.007525   \n",
       "PDGFRA   0.000000  0.005035   0.000000      0.000000  ...   0.011427   \n",
       "GZMA     0.063292  9.006065  19.687157      0.000000  ...   0.044351   \n",
       "TGFBI    0.083882  0.100460   0.326610      4.492828  ...   0.045932   \n",
       "\n",
       "             CAP2  lymphatic  fibroblast  alveolar fibroblast  smooth muscle  \\\n",
       "COL13A1  0.000000   0.000000    0.005113             0.446961       0.000000   \n",
       "COL14A1  0.026666   0.059648    1.110076             1.226022       1.033389   \n",
       "PDGFRA   0.002920   0.000000    1.772957             3.724075       0.128634   \n",
       "GZMA     0.042996   0.073877    0.029919             0.081036       0.119041   \n",
       "TGFBI    0.067610   0.521915    0.393191             0.175393       0.311884   \n",
       "\n",
       "         vascular smooth muscle  pericyte  mesothelial  ionocyte  \n",
       "COL13A1                0.131642  0.067960     0.000000  0.000000  \n",
       "COL14A1                2.108460  0.033580     0.000000  0.000000  \n",
       "PDGFRA                 0.059852  0.000000     0.332479  0.000000  \n",
       "GZMA                   0.000000  0.460141     0.044982  0.058806  \n",
       "TGFBI                  0.258512  0.119010     0.404976  0.032419  \n",
       "\n",
       "[5 rows x 30 columns]"
      ]
     },
     "metadata": {},
     "output_type": "display_data"
    }
   ],
   "source": [
    "sorted_by_neutrophil = avg_gene_expr_lung.sort_values(by='neutrophil')\n",
    "\n",
    "display(sorted_by_neutrophil)"
   ]
  },
  {
   "cell_type": "markdown",
   "metadata": {},
   "source": [
    "### **Output**\n",
    "`sorted_by_neutrophil` gives a *Pandas DataFrame* where:\n",
    "* Each row represents a gene.  \n",
    "* Each column corresponds to a cell type.\n",
    "* The values indicate the average gene expression (measured in counts per ten thousand, or cptt).\n",
    "* The order of the rows is based on the average gene expression in neutrophil in ascending order."
   ]
  },
  {
   "cell_type": "markdown",
   "metadata": {},
   "source": [
    "Additionally, `sort_values()` can return the output in descending order by setting the ascending parameter to False:"
   ]
  },
  {
   "cell_type": "code",
   "execution_count": 5,
   "metadata": {},
   "outputs": [
    {
     "data": {
      "text/html": [
       "<div>\n",
       "<style scoped>\n",
       "    .dataframe tbody tr th:only-of-type {\n",
       "        vertical-align: middle;\n",
       "    }\n",
       "\n",
       "    .dataframe tbody tr th {\n",
       "        vertical-align: top;\n",
       "    }\n",
       "\n",
       "    .dataframe thead th {\n",
       "        text-align: right;\n",
       "    }\n",
       "</style>\n",
       "<table border=\"1\" class=\"dataframe\">\n",
       "  <thead>\n",
       "    <tr style=\"text-align: right;\">\n",
       "      <th></th>\n",
       "      <th>neutrophil</th>\n",
       "      <th>basophil</th>\n",
       "      <th>monocyte</th>\n",
       "      <th>macrophage</th>\n",
       "      <th>dendritic</th>\n",
       "      <th>B</th>\n",
       "      <th>plasma</th>\n",
       "      <th>T</th>\n",
       "      <th>NK</th>\n",
       "      <th>plasmacytoid</th>\n",
       "      <th>...</th>\n",
       "      <th>capillary</th>\n",
       "      <th>CAP2</th>\n",
       "      <th>lymphatic</th>\n",
       "      <th>fibroblast</th>\n",
       "      <th>alveolar fibroblast</th>\n",
       "      <th>smooth muscle</th>\n",
       "      <th>vascular smooth muscle</th>\n",
       "      <th>pericyte</th>\n",
       "      <th>mesothelial</th>\n",
       "      <th>ionocyte</th>\n",
       "    </tr>\n",
       "  </thead>\n",
       "  <tbody>\n",
       "    <tr>\n",
       "      <th>TGFBI</th>\n",
       "      <td>0.065150</td>\n",
       "      <td>0.111107</td>\n",
       "      <td>1.802062</td>\n",
       "      <td>1.252701</td>\n",
       "      <td>2.190132</td>\n",
       "      <td>0.000000</td>\n",
       "      <td>0.083882</td>\n",
       "      <td>0.100460</td>\n",
       "      <td>0.326610</td>\n",
       "      <td>4.492828</td>\n",
       "      <td>...</td>\n",
       "      <td>0.045932</td>\n",
       "      <td>0.067610</td>\n",
       "      <td>0.521915</td>\n",
       "      <td>0.393191</td>\n",
       "      <td>0.175393</td>\n",
       "      <td>0.311884</td>\n",
       "      <td>0.258512</td>\n",
       "      <td>0.119010</td>\n",
       "      <td>0.404976</td>\n",
       "      <td>0.032419</td>\n",
       "    </tr>\n",
       "    <tr>\n",
       "      <th>GZMA</th>\n",
       "      <td>0.013437</td>\n",
       "      <td>0.142837</td>\n",
       "      <td>0.174047</td>\n",
       "      <td>0.029326</td>\n",
       "      <td>0.020453</td>\n",
       "      <td>0.025113</td>\n",
       "      <td>0.063292</td>\n",
       "      <td>9.006065</td>\n",
       "      <td>19.687157</td>\n",
       "      <td>0.000000</td>\n",
       "      <td>...</td>\n",
       "      <td>0.044351</td>\n",
       "      <td>0.042996</td>\n",
       "      <td>0.073877</td>\n",
       "      <td>0.029919</td>\n",
       "      <td>0.081036</td>\n",
       "      <td>0.119041</td>\n",
       "      <td>0.000000</td>\n",
       "      <td>0.460141</td>\n",
       "      <td>0.044982</td>\n",
       "      <td>0.058806</td>\n",
       "    </tr>\n",
       "    <tr>\n",
       "      <th>COL13A1</th>\n",
       "      <td>0.000000</td>\n",
       "      <td>0.222863</td>\n",
       "      <td>0.000000</td>\n",
       "      <td>0.000711</td>\n",
       "      <td>0.000000</td>\n",
       "      <td>0.000000</td>\n",
       "      <td>0.002205</td>\n",
       "      <td>0.000000</td>\n",
       "      <td>0.029147</td>\n",
       "      <td>0.000000</td>\n",
       "      <td>...</td>\n",
       "      <td>0.003937</td>\n",
       "      <td>0.000000</td>\n",
       "      <td>0.000000</td>\n",
       "      <td>0.005113</td>\n",
       "      <td>0.446961</td>\n",
       "      <td>0.000000</td>\n",
       "      <td>0.131642</td>\n",
       "      <td>0.067960</td>\n",
       "      <td>0.000000</td>\n",
       "      <td>0.000000</td>\n",
       "    </tr>\n",
       "    <tr>\n",
       "      <th>COL14A1</th>\n",
       "      <td>0.000000</td>\n",
       "      <td>0.000000</td>\n",
       "      <td>0.001422</td>\n",
       "      <td>0.001362</td>\n",
       "      <td>0.000000</td>\n",
       "      <td>0.000000</td>\n",
       "      <td>0.002607</td>\n",
       "      <td>0.000000</td>\n",
       "      <td>0.000000</td>\n",
       "      <td>0.000000</td>\n",
       "      <td>...</td>\n",
       "      <td>0.007525</td>\n",
       "      <td>0.026666</td>\n",
       "      <td>0.059648</td>\n",
       "      <td>1.110076</td>\n",
       "      <td>1.226022</td>\n",
       "      <td>1.033389</td>\n",
       "      <td>2.108460</td>\n",
       "      <td>0.033580</td>\n",
       "      <td>0.000000</td>\n",
       "      <td>0.000000</td>\n",
       "    </tr>\n",
       "    <tr>\n",
       "      <th>PDGFRA</th>\n",
       "      <td>0.000000</td>\n",
       "      <td>0.000000</td>\n",
       "      <td>0.000965</td>\n",
       "      <td>0.002414</td>\n",
       "      <td>0.003172</td>\n",
       "      <td>0.000000</td>\n",
       "      <td>0.000000</td>\n",
       "      <td>0.005035</td>\n",
       "      <td>0.000000</td>\n",
       "      <td>0.000000</td>\n",
       "      <td>...</td>\n",
       "      <td>0.011427</td>\n",
       "      <td>0.002920</td>\n",
       "      <td>0.000000</td>\n",
       "      <td>1.772957</td>\n",
       "      <td>3.724075</td>\n",
       "      <td>0.128634</td>\n",
       "      <td>0.059852</td>\n",
       "      <td>0.000000</td>\n",
       "      <td>0.332479</td>\n",
       "      <td>0.000000</td>\n",
       "    </tr>\n",
       "  </tbody>\n",
       "</table>\n",
       "<p>5 rows × 30 columns</p>\n",
       "</div>"
      ],
      "text/plain": [
       "         neutrophil  basophil  monocyte  macrophage  dendritic         B  \\\n",
       "TGFBI      0.065150  0.111107  1.802062    1.252701   2.190132  0.000000   \n",
       "GZMA       0.013437  0.142837  0.174047    0.029326   0.020453  0.025113   \n",
       "COL13A1    0.000000  0.222863  0.000000    0.000711   0.000000  0.000000   \n",
       "COL14A1    0.000000  0.000000  0.001422    0.001362   0.000000  0.000000   \n",
       "PDGFRA     0.000000  0.000000  0.000965    0.002414   0.003172  0.000000   \n",
       "\n",
       "           plasma         T         NK  plasmacytoid  ...  capillary  \\\n",
       "TGFBI    0.083882  0.100460   0.326610      4.492828  ...   0.045932   \n",
       "GZMA     0.063292  9.006065  19.687157      0.000000  ...   0.044351   \n",
       "COL13A1  0.002205  0.000000   0.029147      0.000000  ...   0.003937   \n",
       "COL14A1  0.002607  0.000000   0.000000      0.000000  ...   0.007525   \n",
       "PDGFRA   0.000000  0.005035   0.000000      0.000000  ...   0.011427   \n",
       "\n",
       "             CAP2  lymphatic  fibroblast  alveolar fibroblast  smooth muscle  \\\n",
       "TGFBI    0.067610   0.521915    0.393191             0.175393       0.311884   \n",
       "GZMA     0.042996   0.073877    0.029919             0.081036       0.119041   \n",
       "COL13A1  0.000000   0.000000    0.005113             0.446961       0.000000   \n",
       "COL14A1  0.026666   0.059648    1.110076             1.226022       1.033389   \n",
       "PDGFRA   0.002920   0.000000    1.772957             3.724075       0.128634   \n",
       "\n",
       "         vascular smooth muscle  pericyte  mesothelial  ionocyte  \n",
       "TGFBI                  0.258512  0.119010     0.404976  0.032419  \n",
       "GZMA                   0.000000  0.460141     0.044982  0.058806  \n",
       "COL13A1                0.131642  0.067960     0.000000  0.000000  \n",
       "COL14A1                2.108460  0.033580     0.000000  0.000000  \n",
       "PDGFRA                 0.059852  0.000000     0.332479  0.000000  \n",
       "\n",
       "[5 rows x 30 columns]"
      ]
     },
     "metadata": {},
     "output_type": "display_data"
    }
   ],
   "source": [
    "des_sorted_by_neutrophil = avg_gene_expr_lung.sort_values(by='neutrophil', ascending=False)\n",
    "\n",
    "display(des_sorted_by_neutrophil)"
   ]
  },
  {
   "cell_type": "markdown",
   "metadata": {},
   "source": [
    "### **Output**\n",
    "`des_sorted_by_neutrophil` gives a *Pandas DataFrame* where:\n",
    "* Each row represents a gene.  \n",
    "* Each column corresponds to a cell type.\n",
    "* The values indicate the average gene expression (measured in counts per ten thousand, or cptt).\n",
    "* The order of the rows is based on the average gene expression in neutrophil in descending order."
   ]
  },
  {
   "cell_type": "markdown",
   "metadata": {},
   "source": [
    "## **Sorting gene expression by multiple cell types**"
   ]
  },
  {
   "cell_type": "markdown",
   "metadata": {},
   "source": [
    "This example demonstrates how to sort `avg_gene_expr_lung` first by *neutrophils gene expression* and then by *basophils gene expression* in ascending order."
   ]
  },
  {
   "cell_type": "code",
   "execution_count": 43,
   "metadata": {},
   "outputs": [
    {
     "data": {
      "text/html": [
       "<div>\n",
       "<style scoped>\n",
       "    .dataframe tbody tr th:only-of-type {\n",
       "        vertical-align: middle;\n",
       "    }\n",
       "\n",
       "    .dataframe tbody tr th {\n",
       "        vertical-align: top;\n",
       "    }\n",
       "\n",
       "    .dataframe thead th {\n",
       "        text-align: right;\n",
       "    }\n",
       "</style>\n",
       "<table border=\"1\" class=\"dataframe\">\n",
       "  <thead>\n",
       "    <tr style=\"text-align: right;\">\n",
       "      <th></th>\n",
       "      <th>neutrophil</th>\n",
       "      <th>basophil</th>\n",
       "      <th>monocyte</th>\n",
       "      <th>macrophage</th>\n",
       "      <th>dendritic</th>\n",
       "      <th>B</th>\n",
       "      <th>plasma</th>\n",
       "      <th>T</th>\n",
       "      <th>NK</th>\n",
       "      <th>plasmacytoid</th>\n",
       "      <th>...</th>\n",
       "      <th>capillary</th>\n",
       "      <th>CAP2</th>\n",
       "      <th>lymphatic</th>\n",
       "      <th>fibroblast</th>\n",
       "      <th>alveolar fibroblast</th>\n",
       "      <th>smooth muscle</th>\n",
       "      <th>vascular smooth muscle</th>\n",
       "      <th>pericyte</th>\n",
       "      <th>mesothelial</th>\n",
       "      <th>ionocyte</th>\n",
       "    </tr>\n",
       "  </thead>\n",
       "  <tbody>\n",
       "    <tr>\n",
       "      <th>COL14A1</th>\n",
       "      <td>0.000000</td>\n",
       "      <td>0.000000</td>\n",
       "      <td>0.001422</td>\n",
       "      <td>0.001362</td>\n",
       "      <td>0.000000</td>\n",
       "      <td>0.000000</td>\n",
       "      <td>0.002607</td>\n",
       "      <td>0.000000</td>\n",
       "      <td>0.000000</td>\n",
       "      <td>0.000000</td>\n",
       "      <td>...</td>\n",
       "      <td>0.007525</td>\n",
       "      <td>0.026666</td>\n",
       "      <td>0.059648</td>\n",
       "      <td>1.110076</td>\n",
       "      <td>1.226022</td>\n",
       "      <td>1.033389</td>\n",
       "      <td>2.108460</td>\n",
       "      <td>0.033580</td>\n",
       "      <td>0.000000</td>\n",
       "      <td>0.000000</td>\n",
       "    </tr>\n",
       "    <tr>\n",
       "      <th>PDGFRA</th>\n",
       "      <td>0.000000</td>\n",
       "      <td>0.000000</td>\n",
       "      <td>0.000965</td>\n",
       "      <td>0.002414</td>\n",
       "      <td>0.003172</td>\n",
       "      <td>0.000000</td>\n",
       "      <td>0.000000</td>\n",
       "      <td>0.005035</td>\n",
       "      <td>0.000000</td>\n",
       "      <td>0.000000</td>\n",
       "      <td>...</td>\n",
       "      <td>0.011427</td>\n",
       "      <td>0.002920</td>\n",
       "      <td>0.000000</td>\n",
       "      <td>1.772957</td>\n",
       "      <td>3.724075</td>\n",
       "      <td>0.128634</td>\n",
       "      <td>0.059852</td>\n",
       "      <td>0.000000</td>\n",
       "      <td>0.332479</td>\n",
       "      <td>0.000000</td>\n",
       "    </tr>\n",
       "    <tr>\n",
       "      <th>COL13A1</th>\n",
       "      <td>0.000000</td>\n",
       "      <td>0.222863</td>\n",
       "      <td>0.000000</td>\n",
       "      <td>0.000711</td>\n",
