{
 "cells": [
  {
   "cell_type": "markdown",
   "metadata": {},
   "source": [
    "<div style=\"text-align: center;\">\n",
    "    <h1><b>AtlasApprox API (python) Tutorial</b></h1>\n",
    "    <h2><b>1 Get the average gene expression for specific features</b></h2>\n",
    "</div>\n"
   ]
  },
  {
   "cell_type": "markdown",
   "metadata": {},
   "source": [
    "This tutorial demonstrates the process of displaying the average expression levels of selected genes using our AtlasApprox API. In this guide, we will walk you through the step-by-step methodology required to compute and visualize gene expression data.\n",
    "\n",
    "For all the walkthrough under, we use the human lung as example. ALl genes and organs chosen will be spesified in section 1.2."
   ]
  },
  {
   "cell_type": "markdown",
   "metadata": {},
   "source": [
    "## **1.1 Requirments and Installation**"
   ]
  },
  {
   "cell_type": "markdown",
   "metadata": {},
   "source": [
    "To use the atlasapprox API, please install the following Python packages:\n",
    "- `equests`\n",
    "\n",
    "- `pandas`"
   ]
  },
  {
   "cell_type": "markdown",
   "metadata": {},
   "source": [
    "To install *atlasapprox*, please use `pip` command as followed in your terminal."
   ]
  },
  {
   "cell_type": "code",
   "execution_count": 40,
   "metadata": {},
   "outputs": [
    {
     "name": "stdout",
     "output_type": "stream",
     "text": [
      "Requirement already satisfied: atlasapprox in ./atlasapprox_tutorial/lib/python3.12/site-packages (0.2.0)\n",
      "Requirement already satisfied: requests in ./atlasapprox_tutorial/lib/python3.12/site-packages (from atlasapprox) (2.32.3)\n",
      "Requirement already satisfied: pandas in ./atlasapprox_tutorial/lib/python3.12/site-packages (from atlasapprox) (2.2.2)\n",
      "Requirement already satisfied: numpy>=1.26.0 in ./atlasapprox_tutorial/lib/python3.12/site-packages (from pandas->atlasapprox) (2.0.1)\n",
      "Requirement already satisfied: python-dateutil>=2.8.2 in ./atlasapprox_tutorial/lib/python3.12/site-packages (from pandas->atlasapprox) (2.9.0.post0)\n",
      "Requirement already satisfied: pytz>=2020.1 in ./atlasapprox_tutorial/lib/python3.12/site-packages (from pandas->atlasapprox) (2024.1)\n",
      "Requirement already satisfied: tzdata>=2022.7 in ./atlasapprox_tutorial/lib/python3.12/site-packages (from pandas->atlasapprox) (2024.1)\n",
      "Requirement already satisfied: charset-normalizer<4,>=2 in ./atlasapprox_tutorial/lib/python3.12/site-packages (from requests->atlasapprox) (3.3.2)\n",
      "Requirement already satisfied: idna<4,>=2.5 in ./atlasapprox_tutorial/lib/python3.12/site-packages (from requests->atlasapprox) (3.7)\n",
      "Requirement already satisfied: urllib3<3,>=1.21.1 in ./atlasapprox_tutorial/lib/python3.12/site-packages (from requests->atlasapprox) (2.2.2)\n",
      "Requirement already satisfied: certifi>=2017.4.17 in ./atlasapprox_tutorial/lib/python3.12/site-packages (from requests->atlasapprox) (2024.7.4)\n",
      "Requirement already satisfied: six>=1.5 in ./atlasapprox_tutorial/lib/python3.12/site-packages (from python-dateutil>=2.8.2->pandas->atlasapprox) (1.16.0)\n",
      "\n",
      "\u001b[1m[\u001b[0m\u001b[34;49mnotice\u001b[0m\u001b[1;39;49m]\u001b[0m\u001b[39;49m A new release of pip is available: \u001b[0m\u001b[31;49m24.0\u001b[0m\u001b[39;49m -> \u001b[0m\u001b[32;49m24.2\u001b[0m\n",
      "\u001b[1m[\u001b[0m\u001b[34;49mnotice\u001b[0m\u001b[1;39;49m]\u001b[0m\u001b[39;49m To update, run: \u001b[0m\u001b[32;49mpip install --upgrade pip\u001b[0m\n",
      "Note: you may need to restart the kernel to use updated packages.\n"
     ]
    }
   ],
   "source": [
    "pip install atlasapprox"
   ]
  },
  {
   "cell_type": "markdown",
   "metadata": {},
   "source": [
    "## **1.2 Get started**"
   ]
  },
  {
   "cell_type": "markdown",
   "metadata": {},
   "source": [
    "Firstly, please import `atlasapprox` and instantiate the `API` project."
   ]
  },
  {
   "cell_type": "code",
   "execution_count": 41,
   "metadata": {},
   "outputs": [],
   "source": [
    "import atlasapprox\n",
    "\n",
    "# instantiate\n",
    "api = atlasapprox.API()"
   ]
  },
  {
   "cell_type": "markdown",
   "metadata": {},
   "source": [
    "### **parameters**\n",
    "\n",
    "To get average gene expression for specific features, we need the following parameters:\n",
    "\n",
    "- organism (*The organism you want to explore*).\n",
    "\n",
    "- organ (*The organ you want to explore*).\n",
    "\n",
    "- features (*The gene you want to explore*).\n",
    "\n",
    "- measurement_type (*gene_expression/chromatin_accessibility*)"
   ]
  },
  {
   "cell_type": "markdown",
   "metadata": {},
   "source": [
    "### **Sample Code**\n",
    "\n",
    "In this sample code, we tried to print out 5 chosen genes' (*\"COL13A1\", \"COL14A1\", \"TGFBI\", \"PDGFRA\", \"GZMA\"*) expression in human's lung. \n",
    "\n",
    "The unit of measurement, or normalisation, is counts per ten thousand (cptt)."
   ]
  },
  {
   "cell_type": "code",
   "execution_count": 39,
   "metadata": {},
   "outputs": [
    {
     "data": {
      "text/html": [
       "<div>\n",
       "<style scoped>\n",
       "    .dataframe tbody tr th:only-of-type {\n",
       "        vertical-align: middle;\n",
       "    }\n",
       "\n",
       "    .dataframe tbody tr th {\n",
       "        vertical-align: top;\n",
       "    }\n",
       "\n",
       "    .dataframe thead th {\n",
       "        text-align: right;\n",
       "    }\n",
       "</style>\n",
       "<table border=\"1\" class=\"dataframe\">\n",
       "  <thead>\n",
       "    <tr style=\"text-align: right;\">\n",
       "      <th></th>\n",
       "      <th>neutrophil</th>\n",
       "      <th>basophil</th>\n",
       "      <th>monocyte</th>\n",
       "      <th>macrophage</th>\n",
       "      <th>dendritic</th>\n",
       "      <th>B</th>\n",
       "      <th>plasma</th>\n",
       "      <th>T</th>\n",
       "      <th>NK</th>\n",
       "      <th>plasmacytoid</th>\n",
       "      <th>...</th>\n",
       "      <th>capillary</th>\n",
       "      <th>CAP2</th>\n",
       "      <th>lymphatic</th>\n",
       "      <th>fibroblast</th>\n",
       "      <th>alveolar fibroblast</th>\n",
       "      <th>smooth muscle</th>\n",
       "      <th>vascular smooth muscle</th>\n",
       "      <th>pericyte</th>\n",
       "      <th>mesothelial</th>\n",
       "      <th>ionocyte</th>\n",
       "    </tr>\n",
       "  </thead>\n",
       "  <tbody>\n",
       "    <tr>\n",
       "      <th>COL13A1</th>\n",
       "      <td>0.000000</td>\n",
       "      <td>0.222863</td>\n",
       "      <td>0.000000</td>\n",
       "      <td>0.000711</td>\n",
       "      <td>0.000000</td>\n",
       "      <td>0.000000</td>\n",
       "      <td>0.002205</td>\n",
       "      <td>0.000000</td>\n",
       "      <td>0.029147</td>\n",
       "      <td>0.000000</td>\n",
       "      <td>...</td>\n",
       "      <td>0.003937</td>\n",
       "      <td>0.000000</td>\n",
       "      <td>0.000000</td>\n",
       "      <td>0.005113</td>\n",
       "      <td>0.446961</td>\n",
       "      <td>0.000000</td>\n",
       "      <td>0.131642</td>\n",
       "      <td>0.067960</td>\n",
       "      <td>0.000000</td>\n",
       "      <td>0.000000</td>\n",
       "    </tr>\n",
       "    <tr>\n",
       "      <th>COL14A1</th>\n",
       "      <td>0.000000</td>\n",
       "      <td>0.000000</td>\n",
       "      <td>0.001422</td>\n",
       "      <td>0.001362</td>\n",
       "      <td>0.000000</td>\n",
       "      <td>0.000000</td>\n",
       "      <td>0.002607</td>\n",
       "      <td>0.000000</td>\n",
       "      <td>0.000000</td>\n",
       "      <td>0.000000</td>\n",
       "      <td>...</td>\n",
       "      <td>0.007525</td>\n",
       "      <td>0.026666</td>\n",
       "      <td>0.059648</td>\n",
       "      <td>1.110076</td>\n",
       "      <td>1.226022</td>\n",
       "      <td>1.033389</td>\n",
       "      <td>2.108460</td>\n",
       "      <td>0.033580</td>\n",
       "      <td>0.000000</td>\n",
       "      <td>0.000000</td>\n",
       "    </tr>\n",
       "    <tr>\n",
       "      <th>TGFBI</th>\n",
       "      <td>0.065150</td>\n",
       "      <td>0.111107</td>\n",
       "      <td>1.802062</td>\n",
       "      <td>1.252701</td>\n",
       "      <td>2.190132</td>\n",
       "      <td>0.000000</td>\n",
       "      <td>0.083882</td>\n",
       "      <td>0.100460</td>\n",
       "      <td>0.326610</td>\n",
       "      <td>4.492828</td>\n",
       "      <td>...</td>\n",
       "      <td>0.045932</td>\n",
       "      <td>0.067610</td>\n",
       "      <td>0.521915</td>\n",
       "      <td>0.393191</td>\n",
       "      <td>0.175393</td>\n",
       "      <td>0.311884</td>\n",
       "      <td>0.258512</td>\n",
       "      <td>0.119010</td>\n",
       "      <td>0.404976</td>\n",
       "      <td>0.032419</td>\n",
       "    </tr>\n",
       "    <tr>\n",
       "      <th>PDGFRA</th>\n",
       "      <td>0.000000</td>\n",
       "      <td>0.000000</td>\n",
       "      <td>0.000965</td>\n",
       "      <td>0.002414</td>\n",
       "      <td>0.003172</td>\n",
       "      <td>0.000000</td>\n",
       "      <td>0.000000</td>\n",
       "      <td>0.005035</td>\n",
       "      <td>0.000000</td>\n",
       "      <td>0.000000</td>\n",
       "      <td>...</td>\n",
       "      <td>0.011427</td>\n",
       "      <td>0.002920</td>\n",
       "      <td>0.000000</td>\n",
       "      <td>1.772957</td>\n",
       "      <td>3.724075</td>\n",
       "      <td>0.128634</td>\n",
       "      <td>0.059852</td>\n",
       "      <td>0.000000</td>\n",
       "      <td>0.332479</td>\n",
       "      <td>0.000000</td>\n",
       "    </tr>\n",
       "    <tr>\n",
       "      <th>GZMA</th>\n",
       "      <td>0.013437</td>\n",
       "      <td>0.142837</td>\n",
       "      <td>0.174047</td>\n",
       "      <td>0.029326</td>\n",
       "      <td>0.020453</td>\n",
       "      <td>0.025113</td>\n",
       "      <td>0.063292</td>\n",
       "      <td>9.006065</td>\n",
       "      <td>19.687157</td>\n",
       "      <td>0.000000</td>\n",
       "      <td>...</td>\n",
       "      <td>0.044351</td>\n",
       "      <td>0.042996</td>\n",
       "      <td>0.073877</td>\n",
       "      <td>0.029919</td>\n",
       "      <td>0.081036</td>\n",
       "      <td>0.119041</td>\n",
       "      <td>0.000000</td>\n",
       "      <td>0.460141</td>\n",
       "      <td>0.044982</td>\n",
       "      <td>0.058806</td>\n",
       "    </tr>\n",
       "  </tbody>\n",
       "</table>\n",
       "<p>5 rows × 30 columns</p>\n",
       "</div>"
      ],
      "text/plain": [
       "         neutrophil  basophil  monocyte  macrophage  dendritic         B  \\\n",
       "COL13A1    0.000000  0.222863  0.000000    0.000711   0.000000  0.000000   \n",
       "COL14A1    0.000000  0.000000  0.001422    0.001362   0.000000  0.000000   \n",
       "TGFBI      0.065150  0.111107  1.802062    1.252701   2.190132  0.000000   \n",
       "PDGFRA     0.000000  0.000000  0.000965    0.002414   0.003172  0.000000   \n",
       "GZMA       0.013437  0.142837  0.174047    0.029326   0.020453  0.025113   \n",
       "\n",
       "           plasma         T         NK  plasmacytoid  ...  capillary  \\\n",
       "COL13A1  0.002205  0.000000   0.029147      0.000000  ...   0.003937   \n",
       "COL14A1  0.002607  0.000000   0.000000      0.000000  ...   0.007525   \n",
       "TGFBI    0.083882  0.100460   0.326610      4.492828  ...   0.045932   \n",
       "PDGFRA   0.000000  0.005035   0.000000      0.000000  ...   0.011427   \n",
       "GZMA     0.063292  9.006065  19.687157      0.000000  ...   0.044351   \n",
       "\n",
       "             CAP2  lymphatic  fibroblast  alveolar fibroblast  smooth muscle  \\\n",
       "COL13A1  0.000000   0.000000    0.005113             0.446961       0.000000   \n",
       "COL14A1  0.026666   0.059648    1.110076             1.226022       1.033389   \n",
       "TGFBI    0.067610   0.521915    0.393191             0.175393       0.311884   \n",
       "PDGFRA   0.002920   0.000000    1.772957             3.724075       0.128634   \n",
       "GZMA     0.042996   0.073877    0.029919             0.081036       0.119041   \n",
       "\n",
       "         vascular smooth muscle  pericyte  mesothelial  ionocyte  \n",
       "COL13A1                0.131642  0.067960     0.000000  0.000000  \n",
       "COL14A1                2.108460  0.033580     0.000000  0.000000  \n",
       "TGFBI                  0.258512  0.119010     0.404976  0.032419  \n",
       "PDGFRA                 0.059852  0.000000     0.332479  0.000000  \n",
       "GZMA                   0.000000  0.460141     0.044982  0.058806  \n",
       "\n",
       "[5 rows x 30 columns]"
      ]
     },
     "execution_count": 39,
     "metadata": {},
     "output_type": "execute_result"
    }
   ],
   "source": [
    "average = api.average(\n",
    "    organism = \"h_sapiens\", \n",
    "    organ = \"lung\", \n",
    "    features = [\"COL13A1\", \"COL14A1\", \"TGFBI\", \"PDGFRA\", \"GZMA\"], \n",
    "    measurement_type = 'gene_expression'\n",
    ")\n",
    "\n",
    "average"
   ]
  },
  {
   "cell_type": "markdown",
   "metadata": {},
   "source": [
    "**output:** This code will give back a pandas.DataFrame with the gene expression. Each **column** is a cell type, each **row** a feature. "
   ]
  },
  {
   "cell_type": "markdown",
   "metadata": {},
   "source": [
    "## **1.3 Method extension**\n",
    "\n",
    "In this extension, we will explore some useful methods that might help you get a cleaner data output. We will cover data sorting and filtering using python package."
   ]
  },
  {
   "cell_type": "markdown",
   "metadata": {},
   "source": [
    "### **1.3.1 Sort your data by cell type**"
   ]
  },
  {
   "cell_type": "markdown",
   "metadata": {},
   "source": [
    "We can use *sort_values()* method in python to sort our data by specific cell type."
   ]
  },
  {
   "cell_type": "code",
   "execution_count": 10,
   "metadata": {},
   "outputs": [
    {
     "data": {
      "text/html": [
       "<div>\n",
       "<style scoped>\n",
       "    .dataframe tbody tr th:only-of-type {\n",
       "        vertical-align: middle;\n",
       "    }\n",
       "\n",
       "    .dataframe tbody tr th {\n",
       "        vertical-align: top;\n",
       "    }\n",
       "\n",
       "    .dataframe thead th {\n",
       "        text-align: right;\n",
       "    }\n",
       "</style>\n",
       "<table border=\"1\" class=\"dataframe\">\n",
       "  <thead>\n",
       "    <tr style=\"text-align: right;\">\n",
       "      <th></th>\n",
       "      <th>neutrophil</th>\n",
       "      <th>basophil</th>\n",
       "      <th>monocyte</th>\n",
       "      <th>macrophage</th>\n",
       "      <th>dendritic</th>\n",
       "      <th>B</th>\n",
       "      <th>plasma</th>\n",
       "      <th>T</th>\n",
       "      <th>NK</th>\n",
       "      <th>plasmacytoid</th>\n",
       "      <th>...</th>\n",
       "      <th>capillary</th>\n",
       "      <th>CAP2</th>\n",
       "      <th>lymphatic</th>\n",
       "      <th>fibroblast</th>\n",
       "      <th>alveolar fibroblast</th>\n",
       "      <th>smooth muscle</th>\n",
       "      <th>vascular smooth muscle</th>\n",
       "      <th>pericyte</th>\n",
       "      <th>mesothelial</th>\n",
       "      <th>ionocyte</th>\n",
       "    </tr>\n",
       "  </thead>\n",
       "  <tbody>\n",
       "    <tr>\n",
       "      <th>COL13A1</th>\n",
       "      <td>0.000000</td>\n",
       "      <td>0.222863</td>\n",
       "      <td>0.000000</td>\n",
       "      <td>0.000711</td>\n",
       "      <td>0.000000</td>\n",
       "      <td>0.000000</td>\n",
       "      <td>0.002205</td>\n",
       "      <td>0.000000</td>\n",
       "      <td>0.029147</td>\n",
       "      <td>0.000000</td>\n",
       "      <td>...</td>\n",
       "      <td>0.003937</td>\n",
       "      <td>0.000000</td>\n",
       "      <td>0.000000</td>\n",
       "      <td>0.005113</td>\n",
       "      <td>0.446961</td>\n",
       "      <td>0.000000</td>\n",
       "      <td>0.131642</td>\n",
       "      <td>0.067960</td>\n",
       "      <td>0.000000</td>\n",
       "      <td>0.000000</td>\n",
       "    </tr>\n",
       "    <tr>\n",
       "      <th>COL14A1</th>\n",
       "      <td>0.000000</td>\n",
       "      <td>0.000000</td>\n",
       "      <td>0.001422</td>\n",
       "      <td>0.001362</td>\n",
       "      <td>0.000000</td>\n",
       "      <td>0.000000</td>\n",
       "      <td>0.002607</td>\n",
       "      <td>0.000000</td>\n",
       "      <td>0.000000</td>\n",
       "      <td>0.000000</td>\n",
       "      <td>...</td>\n",
       "      <td>0.007525</td>\n",
       "      <td>0.026666</td>\n",
       "      <td>0.059648</td>\n",
       "      <td>1.110076</td>\n",
       "      <td>1.226022</td>\n",
       "      <td>1.033389</td>\n",
       "      <td>2.108460</td>\n",
       "      <td>0.033580</td>\n",
       "      <td>0.000000</td>\n",
       "      <td>0.000000</td>\n",
       "    </tr>\n",
       "    <tr>\n",
       "      <th>PDGFRA</th>\n",
       "      <td>0.000000</td>\n",
       "      <td>0.000000</td>\n",
       "      <td>0.000965</td>\n",
       "      <td>0.002414</td>\n",
       "      <td>0.003172</td>\n",
       "      <td>0.000000</td>\n",
       "      <td>0.000000</td>\n",
       "      <td>0.005035</td>\n",
       "      <td>0.000000</td>\n",
       "      <td>0.000000</td>\n",
       "      <td>...</td>\n",
       "      <td>0.011427</td>\n",
       "      <td>0.002920</td>\n",
       "      <td>0.000000</td>\n",
       "      <td>1.772957</td>\n",
       "      <td>3.724075</td>\n",
       "      <td>0.128634</td>\n",
       "      <td>0.059852</td>\n",
       "      <td>0.000000</td>\n",
       "      <td>0.332479</td>\n",
       "      <td>0.000000</td>\n",
       "    </tr>\n",
       "    <tr>\n",
       "      <th>GZMA</th>\n",
       "      <td>0.013437</td>\n",
       "      <td>0.142837</td>\n",
       "      <td>0.174047</td>\n",
       "      <td>0.029326</td>\n",
       "      <td>0.020453</td>\n",
       "      <td>0.025113</td>\n",
       "      <td>0.063292</td>\n",
       "      <td>9.006065</td>\n",
       "      <td>19.687157</td>\n",
       "      <td>0.000000</td>\n",
       "      <td>...</td>\n",
       "      <td>0.044351</td>\n",
       "      <td>0.042996</td>\n",
       "      <td>0.073877</td>\n",
       "      <td>0.029919</td>\n",
       "      <td>0.081036</td>\n",
       "      <td>0.119041</td>\n",
       "      <td>0.000000</td>\n",
       "      <td>0.460141</td>\n",
       "      <td>0.044982</td>\n",
       "      <td>0.058806</td>\n",
       "    </tr>\n",
       "    <tr>\n",
       "      <th>TGFBI</th>\n",
       "      <td>0.065150</td>\n",
       "      <td>0.111107</td>\n",
       "      <td>1.802062</td>\n",
       "      <td>1.252701</td>\n",
       "      <td>2.190132</td>\n",
       "      <td>0.000000</td>\n",
       "      <td>0.083882</td>\n",
       "      <td>0.100460</td>\n",
       "      <td>0.326610</td>\n",
       "      <td>4.492828</td>\n",
       "      <td>...</td>\n",
       "      <td>0.045932</td>\n",
       "      <td>0.067610</td>\n",
       "      <td>0.521915</td>\n",
       "      <td>0.393191</td>\n",
       "      <td>0.175393</td>\n",
       "      <td>0.311884</td>\n",
       "      <td>0.258512</td>\n",
       "      <td>0.119010</td>\n",
       "      <td>0.404976</td>\n",
       "      <td>0.032419</td>\n",
       "    </tr>\n",
       "  </tbody>\n",
       "</table>\n",
       "<p>5 rows × 30 columns</p>\n",
       "</div>"
      ],
      "text/plain": [
       "         neutrophil  basophil  monocyte  macrophage  dendritic         B  \\\n",
       "COL13A1    0.000000  0.222863  0.000000    0.000711   0.000000  0.000000   \n",
       "COL14A1    0.000000  0.000000  0.001422    0.001362   0.000000  0.000000   \n",
       "PDGFRA     0.000000  0.000000  0.000965    0.002414   0.003172  0.000000   \n",
       "GZMA       0.013437  0.142837  0.174047    0.029326   0.020453  0.025113   \n",
       "TGFBI      0.065150  0.111107  1.802062    1.252701   2.190132  0.000000   \n",
       "\n",
       "           plasma         T         NK  plasmacytoid  ...  capillary  \\\n",
       "COL13A1  0.002205  0.000000   0.029147      0.000000  ...   0.003937   \n",
       "COL14A1  0.002607  0.000000   0.000000      0.000000  ...   0.007525   \n",
       "PDGFRA   0.000000  0.005035   0.000000      0.000000  ...   0.011427   \n",
       "GZMA     0.063292  9.006065  19.687157      0.000000  ...   0.044351   \n",
       "TGFBI    0.083882  0.100460   0.326610      4.492828  ...   0.045932   \n",
       "\n",
       "             CAP2  lymphatic  fibroblast  alveolar fibroblast  smooth muscle  \\\n",
       "COL13A1  0.000000   0.000000    0.005113             0.446961       0.000000   \n",
       "COL14A1  0.026666   0.059648    1.110076             1.226022       1.033389   \n",
       "PDGFRA   0.002920   0.000000    1.772957             3.724075       0.128634   \n",
       "GZMA     0.042996   0.073877    0.029919             0.081036       0.119041   \n",
       "TGFBI    0.067610   0.521915    0.393191             0.175393       0.311884   \n",
       "\n",
       "         vascular smooth muscle  pericyte  mesothelial  ionocyte  \n",
       "COL13A1                0.131642  0.067960     0.000000  0.000000  \n",
       "COL14A1                2.108460  0.033580     0.000000  0.000000  \n",
       "PDGFRA                 0.059852  0.000000     0.332479  0.000000  \n",
       "GZMA                   0.000000  0.460141     0.044982  0.058806  \n",
       "TGFBI                  0.258512  0.119010     0.404976  0.032419  \n",
       "\n",
       "[5 rows x 30 columns]"
      ]
     },
     "execution_count": 10,
     "metadata": {},
     "output_type": "execute_result"
    }
   ],
   "source": [
    "sorted_by_neutrophil = average.sort_values(by='neutrophil')\n",
    "\n",
    "sorted_by_neutrophil"
   ]
  },
  {
   "cell_type": "markdown",
   "metadata": {},
   "source": [
    "output: In this output, we sort the original Dataframe by neutrophil gene expression from lowest to highest."
   ]
  },
  {
   "cell_type": "markdown",
   "metadata": {},
   "source": [
    "### **1.3.2 Sort your data by multiple cell types**\n",
    "\n",
    "We can sort our original data with more than one cell types."
   ]
  },
  {
   "cell_type": "code",
   "execution_count": 12,
   "metadata": {},
   "outputs": [
    {
     "data": {
      "text/html": [
       "<div>\n",
       "<style scoped>\n",
       "    .dataframe tbody tr th:only-of-type {\n",
       "        vertical-align: middle;\n",
       "    }\n",
       "\n",
       "    .dataframe tbody tr th {\n",
       "        vertical-align: top;\n",
       "    }\n",
       "\n",
       "    .dataframe thead th {\n",
       "        text-align: right;\n",
       "    }\n",
       "</style>\n",
       "<table border=\"1\" class=\"dataframe\">\n",
       "  <thead>\n",
       "    <tr style=\"text-align: right;\">\n",
       "      <th></th>\n",
       "      <th>neutrophil</th>\n",
       "      <th>basophil</th>\n",
       "      <th>monocyte</th>\n",
       "      <th>macrophage</th>\n",
       "      <th>dendritic</th>\n",
       "      <th>B</th>\n",
       "      <th>plasma</th>\n",
       "      <th>T</th>\n",
       "      <th>NK</th>\n",
       "      <th>plasmacytoid</th>\n",
       "      <th>...</th>\n",
       "      <th>capillary</th>\n",
       "      <th>CAP2</th>\n",
       "      <th>lymphatic</th>\n",
       "      <th>fibroblast</th>\n",
       "      <th>alveolar fibroblast</th>\n",
       "      <th>smooth muscle</th>\n",
       "      <th>vascular smooth muscle</th>\n",
       "      <th>pericyte</th>\n",
       "      <th>mesothelial</th>\n",
       "      <th>ionocyte</th>\n",
       "    </tr>\n",
       "  </thead>\n",
       "  <tbody>\n",
       "    <tr>\n",
       "      <th>COL14A1</th>\n",
       "      <td>0.000000</td>\n",
       "      <td>0.000000</td>\n",
       "      <td>0.001422</td>\n",
       "      <td>0.001362</td>\n",
       "      <td>0.000000</td>\n",
       "      <td>0.000000</td>\n",
       "      <td>0.002607</td>\n",
       "      <td>0.000000</td>\n",
       "      <td>0.000000</td>\n",
       "      <td>0.000000</td>\n",
       "      <td>...</td>\n",
       "      <td>0.007525</td>\n",
       "      <td>0.026666</td>\n",
       "      <td>0.059648</td>\n",
       "      <td>1.110076</td>\n",
       "      <td>1.226022</td>\n",
       "      <td>1.033389</td>\n",
       "      <td>2.108460</td>\n",
       "      <td>0.033580</td>\n",
       "      <td>0.000000</td>\n",
       "      <td>0.000000</td>\n",
       "    </tr>\n",
       "    <tr>\n",
       "      <th>PDGFRA</th>\n",
       "      <td>0.000000</td>\n",
       "      <td>0.000000</td>\n",
       "      <td>0.000965</td>\n",
       "      <td>0.002414</td>\n",
       "      <td>0.003172</td>\n",
       "      <td>0.000000</td>\n",
       "      <td>0.000000</td>\n",
       "      <td>0.005035</td>\n",
       "      <td>0.000000</td>\n",
       "      <td>0.000000</td>\n",
       "      <td>...</td>\n",
       "      <td>0.011427</td>\n",
       "      <td>0.002920</td>\n",
       "      <td>0.000000</td>\n",
       "      <td>1.772957</td>\n",
       "      <td>3.724075</td>\n",
       "      <td>0.128634</td>\n",
       "      <td>0.059852</td>\n",
       "      <td>0.000000</td>\n",
       "      <td>0.332479</td>\n",
       "      <td>0.000000</td>\n",
       "    </tr>\n",
       "    <tr>\n",
       "      <th>COL13A1</th>\n",
       "      <td>0.000000</td>\n",
       "      <td>0.222863</td>\n",
       "      <td>0.000000</td>\n",
       "      <td>0.000711</td>\n",
       "      <td>0.000000</td>\n",
       "      <td>0.000000</td>\n",
       "      <td>0.002205</td>\n",
       "      <td>0.000000</td>\n",
       "      <td>0.029147</td>\n",
       "      <td>0.000000</td>\n",
       "      <td>...</td>\n",
       "      <td>0.003937</td>\n",
       "      <td>0.000000</td>\n",
       "      <td>0.000000</td>\n",
       "      <td>0.005113</td>\n",
       "      <td>0.446961</td>\n",
       "      <td>0.000000</td>\n",
       "      <td>0.131642</td>\n",
       "      <td>0.067960</td>\n",
       "      <td>0.000000</td>\n",
       "      <td>0.000000</td>\n",
       "    </tr>\n",
       "    <tr>\n",
       "      <th>GZMA</th>\n",
       "      <td>0.013437</td>\n",
       "      <td>0.142837</td>\n",
       "      <td>0.174047</td>\n",
       "      <td>0.029326</td>\n",
       "      <td>0.020453</td>\n",
       "      <td>0.025113</td>\n",
       "      <td>0.063292</td>\n",
       "      <td>9.006065</td>\n",
       "      <td>19.687157</td>\n",
       "      <td>0.000000</td>\n",
       "      <td>...</td>\n",
       "      <td>0.044351</td>\n",
       "      <td>0.042996</td>\n",
       "      <td>0.073877</td>\n",
       "      <td>0.029919</td>\n",
       "      <td>0.081036</td>\n",
       "      <td>0.119041</td>\n",
       "      <td>0.000000</td>\n",
       "      <td>0.460141</td>\n",
       "      <td>0.044982</td>\n",
       "      <td>0.058806</td>\n",
       "    </tr>\n",
       "    <tr>\n",
       "      <th>TGFBI</th>\n",
       "      <td>0.065150</td>\n",
       "      <td>0.111107</td>\n",
       "      <td>1.802062</td>\n",
       "      <td>1.252701</td>\n",
       "      <td>2.190132</td>\n",
       "      <td>0.000000</td>\n",
       "      <td>0.083882</td>\n",
       "      <td>0.100460</td>\n",
       "      <td>0.326610</td>\n",
       "      <td>4.492828</td>\n",
       "      <td>...</td>\n",
       "      <td>0.045932</td>\n",
       "      <td>0.067610</td>\n",
       "      <td>0.521915</td>\n",
       "      <td>0.393191</td>\n",
       "      <td>0.175393</td>\n",
       "      <td>0.311884</td>\n",
       "      <td>0.258512</td>\n",
       "      <td>0.119010</td>\n",
       "      <td>0.404976</td>\n",
       "      <td>0.032419</td>\n",
       "    </tr>\n",
       "  </tbody>\n",
       "</table>\n",
       "<p>5 rows × 30 columns</p>\n",
       "</div>"
      ],
      "text/plain": [
       "         neutrophil  basophil  monocyte  macrophage  dendritic         B  \\\n",
       "COL14A1    0.000000  0.000000  0.001422    0.001362   0.000000  0.000000   \n",
       "PDGFRA     0.000000  0.000000  0.000965    0.002414   0.003172  0.000000   \n",
       "COL13A1    0.000000  0.222863  0.000000    0.000711   0.000000  0.000000   \n",
       "GZMA       0.013437  0.142837  0.174047    0.029326   0.020453  0.025113   \n",
       "TGFBI      0.065150  0.111107  1.802062    1.252701   2.190132  0.000000   \n",
       "\n",
       "           plasma         T         NK  plasmacytoid  ...  capillary  \\\n",
       "COL14A1  0.002607  0.000000   0.000000      0.000000  ...   0.007525   \n",
       "PDGFRA   0.000000  0.005035   0.000000      0.000000  ...   0.011427   \n",
       "COL13A1  0.002205  0.000000   0.029147      0.000000  ...   0.003937   \n",
       "GZMA     0.063292  9.006065  19.687157      0.000000  ...   0.044351   \n",
       "TGFBI    0.083882  0.100460   0.326610      4.492828  ...   0.045932   \n",
       "\n",
       "             CAP2  lymphatic  fibroblast  alveolar fibroblast  smooth muscle  \\\n",
       "COL14A1  0.026666   0.059648    1.110076             1.226022       1.033389   \n",
       "PDGFRA   0.002920   0.000000    1.772957             3.724075       0.128634   \n",
       "COL13A1  0.000000   0.000000    0.005113             0.446961       0.000000   \n",
       "GZMA     0.042996   0.073877    0.029919             0.081036       0.119041   \n",
       "TGFBI    0.067610   0.521915    0.393191             0.175393       0.311884   \n",
       "\n",
       "         vascular smooth muscle  pericyte  mesothelial  ionocyte  \n",
       "COL14A1                2.108460  0.033580     0.000000  0.000000  \n",
       "PDGFRA                 0.059852  0.000000     0.332479  0.000000  \n",
       "COL13A1                0.131642  0.067960     0.000000  0.000000  \n",
       "GZMA                   0.000000  0.460141     0.044982  0.058806  \n",
       "TGFBI                  0.258512  0.119010     0.404976  0.032419  \n",
       "\n",
       "[5 rows x 30 columns]"
      ]
     },
     "execution_count": 12,
     "metadata": {},
     "output_type": "execute_result"
    }
   ],
   "source": [
    "sorted_by_neutrophil_basophil = average.sort_values(by=['neutrophil', 'basophil'])\n",
    "\n",
    "sorted_by_neutrophil_basophil"
   ]
  },
  {
   "cell_type": "markdown",
   "metadata": {},
   "source": [
    "**output:** In this output, we sort the original DataFrame by 2 cell types, firstly by neutrophil then by basophil, in ascending order."
   ]
  },
  {
   "cell_type": "markdown",
   "metadata": {},
   "source": [
    "### **1.3.3 Sort your data in descending way**\n",
    "\n",
    "We can use this code to display our gene expressions in a descending order (from highest expresion to lowest)."
   ]
  },
  {
   "cell_type": "code",
   "execution_count": 13,
   "metadata": {},
   "outputs": [
    {
     "data": {
      "text/html": [
       "<div>\n",
       "<style scoped>\n",
       "    .dataframe tbody tr th:only-of-type {\n",
       "        vertical-align: middle;\n",
       "    }\n",
       "\n",
       "    .dataframe tbody tr th {\n",
       "        vertical-align: top;\n",
       "    }\n",
       "\n",
       "    .dataframe thead th {\n",
       "        text-align: right;\n",
       "    }\n",
       "</style>\n",
       "<table border=\"1\" class=\"dataframe\">\n",
       "  <thead>\n",
       "    <tr style=\"text-align: right;\">\n",
       "      <th></th>\n",
       "      <th>neutrophil</th>\n",
       "      <th>basophil</th>\n",
       "      <th>monocyte</th>\n",
       "      <th>macrophage</th>\n",
       "      <th>dendritic</th>\n",
       "      <th>B</th>\n",
       "      <th>plasma</th>\n",
       "      <th>T</th>\n",
       "      <th>NK</th>\n",
       "      <th>plasmacytoid</th>\n",
       "      <th>...</th>\n",
       "      <th>capillary</th>\n",
       "      <th>CAP2</th>\n",
       "      <th>lymphatic</th>\n",
       "      <th>fibroblast</th>\n",
       "      <th>alveolar fibroblast</th>\n",
       "      <th>smooth muscle</th>\n",
       "      <th>vascular smooth muscle</th>\n",
       "      <th>pericyte</th>\n",
       "      <th>mesothelial</th>\n",
       "      <th>ionocyte</th>\n",
       "    </tr>\n",
       "  </thead>\n",
       "  <tbody>\n",
       "    <tr>\n",
       "      <th>TGFBI</th>\n",
       "      <td>0.065150</td>\n",
       "      <td>0.111107</td>\n",
       "      <td>1.802062</td>\n",
       "      <td>1.252701</td>\n",
       "      <td>2.190132</td>\n",
       "      <td>0.000000</td>\n",
       "      <td>0.083882</td>\n",
       "      <td>0.100460</td>\n",
       "      <td>0.326610</td>\n",
       "      <td>4.492828</td>\n",
       "      <td>...</td>\n",
       "      <td>0.045932</td>\n",
       "      <td>0.067610</td>\n",
       "      <td>0.521915</td>\n",
       "      <td>0.393191</td>\n",
       "      <td>0.175393</td>\n",
       "      <td>0.311884</td>\n",
       "      <td>0.258512</td>\n",
       "      <td>0.119010</td>\n",
       "      <td>0.404976</td>\n",
       "      <td>0.032419</td>\n",
       "    </tr>\n",
       "    <tr>\n",
       "      <th>GZMA</th>\n",
       "      <td>0.013437</td>\n",
       "      <td>0.142837</td>\n",
       "      <td>0.174047</td>\n",
       "      <td>0.029326</td>\n",
       "      <td>0.020453</td>\n",
       "      <td>0.025113</td>\n",
       "      <td>0.063292</td>\n",
       "      <td>9.006065</td>\n",
       "      <td>19.687157</td>\n",
       "      <td>0.000000</td>\n",
       "      <td>...</td>\n",
       "      <td>0.044351</td>\n",
       "      <td>0.042996</td>\n",
       "      <td>0.073877</td>\n",
       "      <td>0.029919</td>\n",
       "      <td>0.081036</td>\n",
       "      <td>0.119041</td>\n",
       "      <td>0.000000</td>\n",
       "      <td>0.460141</td>\n",
       "      <td>0.044982</td>\n",
       "      <td>0.058806</td>\n",
       "    </tr>\n",
       "    <tr>\n",
       "      <th>COL13A1</th>\n",
       "      <td>0.000000</td>\n",
       "      <td>0.222863</td>\n",
       "      <td>0.000000</td>\n",
       "      <td>0.000711</td>\n",
       "      <td>0.000000</td>\n",
       "      <td>0.000000</td>\n",
       "      <td>0.002205</td>\n",
       "      <td>0.000000</td>\n",
       "      <td>0.029147</td>\n",
       "      <td>0.000000</td>\n",
       "      <td>...</td>\n",
       "      <td>0.003937</td>\n",
       "      <td>0.000000</td>\n",
       "      <td>0.000000</td>\n",
       "      <td>0.005113</td>\n",
       "      <td>0.446961</td>\n",
       "      <td>0.000000</td>\n",
       "      <td>0.131642</td>\n",
       "      <td>0.067960</td>\n",
       "      <td>0.000000</td>\n",
       "      <td>0.000000</td>\n",
       "    </tr>\n",
       "    <tr>\n",
       "      <th>COL14A1</th>\n",
       "      <td>0.000000</td>\n",
       "      <td>0.000000</td>\n",
       "      <td>0.001422</td>\n",
       "      <td>0.001362</td>\n",
       "      <td>0.000000</td>\n",
       "      <td>0.000000</td>\n",
       "      <td>0.002607</td>\n",
       "      <td>0.000000</td>\n",
       "      <td>0.000000</td>\n",
       "      <td>0.000000</td>\n",
       "      <td>...</td>\n",
       "      <td>0.007525</td>\n",
       "      <td>0.026666</td>\n",
       "      <td>0.059648</td>\n",
       "      <td>1.110076</td>\n",
       "      <td>1.226022</td>\n",
       "      <td>1.033389</td>\n",
       "      <td>2.108460</td>\n",
       "      <td>0.033580</td>\n",
       "      <td>0.000000</td>\n",
       "      <td>0.000000</td>\n",
       "    </tr>\n",
       "    <tr>\n",
       "      <th>PDGFRA</th>\n",
       "      <td>0.000000</td>\n",
       "      <td>0.000000</td>\n",
       "      <td>0.000965</td>\n",
       "      <td>0.002414</td>\n",
       "      <td>0.003172</td>\n",
       "      <td>0.000000</td>\n",
       "      <td>0.000000</td>\n",
       "      <td>0.005035</td>\n",
       "      <td>0.000000</td>\n",
       "      <td>0.000000</td>\n",
       "      <td>...</td>\n",
       "      <td>0.011427</td>\n",
       "      <td>0.002920</td>\n",
       "      <td>0.000000</td>\n",
       "      <td>1.772957</td>\n",
       "      <td>3.724075</td>\n",
       "      <td>0.128634</td>\n",
       "      <td>0.059852</td>\n",
       "      <td>0.000000</td>\n",
       "      <td>0.332479</td>\n",
       "      <td>0.000000</td>\n",
       "    </tr>\n",
       "  </tbody>\n",
       "</table>\n",
       "<p>5 rows × 30 columns</p>\n",
       "</div>"
      ],
      "text/plain": [
       "         neutrophil  basophil  monocyte  macrophage  dendritic         B  \\\n",
       "TGFBI      0.065150  0.111107  1.802062    1.252701   2.190132  0.000000   \n",
       "GZMA       0.013437  0.142837  0.174047    0.029326   0.020453  0.025113   \n",
       "COL13A1    0.000000  0.222863  0.000000    0.000711   0.000000  0.000000   \n",
       "COL14A1    0.000000  0.000000  0.001422    0.001362   0.000000  0.000000   \n",
       "PDGFRA     0.000000  0.000000  0.000965    0.002414   0.003172  0.000000   \n",
       "\n",
       "           plasma         T         NK  plasmacytoid  ...  capillary  \\\n",
       "TGFBI    0.083882  0.100460   0.326610      4.492828  ...   0.045932   \n",
       "GZMA     0.063292  9.006065  19.687157      0.000000  ...   0.044351   \n",
       "COL13A1  0.002205  0.000000   0.029147      0.000000  ...   0.003937   \n",
       "COL14A1  0.002607  0.000000   0.000000      0.000000  ...   0.007525   \n",
       "PDGFRA   0.000000  0.005035   0.000000      0.000000  ...   0.011427   \n",
       "\n",
       "             CAP2  lymphatic  fibroblast  alveolar fibroblast  smooth muscle  \\\n",
       "TGFBI    0.067610   0.521915    0.393191             0.175393       0.311884   \n",
       "GZMA     0.042996   0.073877    0.029919             0.081036       0.119041   \n",
       "COL13A1  0.000000   0.000000    0.005113             0.446961       0.000000   \n",
       "COL14A1  0.026666   0.059648    1.110076             1.226022       1.033389   \n",
       "PDGFRA   0.002920   0.000000    1.772957             3.724075       0.128634   \n",
       "\n",
       "         vascular smooth muscle  pericyte  mesothelial  ionocyte  \n",
       "TGFBI                  0.258512  0.119010     0.404976  0.032419  \n",
       "GZMA                   0.000000  0.460141     0.044982  0.058806  \n",
       "COL13A1                0.131642  0.067960     0.000000  0.000000  \n",
       "COL14A1                2.108460  0.033580     0.000000  0.000000  \n",
       "PDGFRA                 0.059852  0.000000     0.332479  0.000000  \n",
       "\n",
       "[5 rows x 30 columns]"
      ]
     },
     "execution_count": 13,
     "metadata": {},
     "output_type": "execute_result"
    }
   ],
   "source": [
    "sorted_by_neutrophil = average.sort_values(by='neutrophil', ascending=False)\n",
    "\n",
    "sorted_by_neutrophil"
   ]
  },
  {
   "cell_type": "markdown",
   "metadata": {},
   "source": [
    "**output:** In this output, the original DataFrame is sorted by gene expression in neutrophils in ascending order."
   ]
  },
  {
   "cell_type": "markdown",
   "metadata": {},
   "source": [
