{
 "cells": [
  {
   "cell_type": "markdown",
   "metadata": {},
   "source": [
    "# **Average gene expression and chromatin accessibility**"
   ]
  },
  {
   "cell_type": "markdown",
   "metadata": {},
   "source": [
    "## **Introduction**"
   ]
  },
  {
   "cell_type": "markdown",
   "metadata": {},
   "source": [
    "The `average` function is designed to return a *Pandas.DataFrame* that represents *gene expression* or c*hromatin accessibility* across various cell types for selected features. This tutorial demonstrates several possible applications of the `average` function."
   ]
  },
  {
   "cell_type": "markdown",
   "metadata": {},
   "source": [
    "## **Prerequisite**"
   ]
  },
  {
   "cell_type": "code",
   "execution_count": 37,
   "metadata": {},
   "outputs": [],
   "source": [
    "import atlasapprox\n",
    "\n",
    "api = atlasapprox.API()"
   ]
  },
  {
   "cell_type": "markdown",
   "metadata": {},
   "source": [
    "For detailed initial setup instructions, refer to the [Quick Start Tutorial](link to quick_start)."
   ]
  },
  {
   "cell_type": "markdown",
   "metadata": {},
   "source": [
    "## **Example 1: Obtaining average gene expression and chromatin accessibility**"
   ]
  },
  {
   "cell_type": "markdown",
   "metadata": {},
   "source": [
    "**1.1** This example demonstrates a straightforward use of the `average` function. The `average` function lets you retrieve the average gene expression data for selected genes within an organism's specific organ.\n",
    "\n",
    "The following example shows how to examine the average expression of five genes (*COL13A1*, *COL14A1*, *TGFBI*, *PDGFRA*, *GZMA*) in the human lung:"
   ]
  },
  {
   "cell_type": "code",
   "execution_count": 59,
   "metadata": {},
   "outputs": [
    {
     "data": {
      "text/html": [
       "<div>\n",
       "<style scoped>\n",
       "    .dataframe tbody tr th:only-of-type {\n",
       "        vertical-align: middle;\n",
       "    }\n",
       "\n",
       "    .dataframe tbody tr th {\n",
       "        vertical-align: top;\n",
       "    }\n",
       "\n",
       "    .dataframe thead th {\n",
       "        text-align: right;\n",
       "    }\n",
       "</style>\n",
       "<table border=\"1\" class=\"dataframe\">\n",
       "  <thead>\n",
       "    <tr style=\"text-align: right;\">\n",
       "      <th></th>\n",
       "      <th>neutrophil</th>\n",
       "      <th>basophil</th>\n",
       "      <th>monocyte</th>\n",
       "      <th>macrophage</th>\n",
       "      <th>dendritic</th>\n",
       "      <th>B</th>\n",
       "      <th>plasma</th>\n",
       "      <th>T</th>\n",
       "      <th>NK</th>\n",
       "      <th>plasmacytoid</th>\n",
       "      <th>...</th>\n",
       "      <th>capillary</th>\n",
       "      <th>CAP2</th>\n",
       "      <th>lymphatic</th>\n",
       "      <th>fibroblast</th>\n",
       "      <th>alveolar fibroblast</th>\n",
       "      <th>smooth muscle</th>\n",
       "      <th>vascular smooth muscle</th>\n",
       "      <th>pericyte</th>\n",
       "      <th>mesothelial</th>\n",
       "      <th>ionocyte</th>\n",
       "    </tr>\n",
       "  </thead>\n",
       "  <tbody>\n",
       "    <tr>\n",
       "      <th>COL13A1</th>\n",
       "      <td>0.000000</td>\n",
       "      <td>0.222863</td>\n",
       "      <td>0.000000</td>\n",
       "      <td>0.000711</td>\n",
       "      <td>0.000000</td>\n",
       "      <td>0.000000</td>\n",
       "      <td>0.002205</td>\n",
       "      <td>0.000000</td>\n",
       "      <td>0.029147</td>\n",
       "      <td>0.000000</td>\n",
       "      <td>...</td>\n",
       "      <td>0.003937</td>\n",
       "      <td>0.000000</td>\n",
       "      <td>0.000000</td>\n",
       "      <td>0.005113</td>\n",
       "      <td>0.446961</td>\n",
       "      <td>0.000000</td>\n",
       "      <td>0.131642</td>\n",
       "      <td>0.067960</td>\n",
       "      <td>0.000000</td>\n",
       "      <td>0.000000</td>\n",
       "    </tr>\n",
       "    <tr>\n",
       "      <th>COL14A1</th>\n",
       "      <td>0.000000</td>\n",
       "      <td>0.000000</td>\n",
       "      <td>0.001422</td>\n",
       "      <td>0.001362</td>\n",
       "      <td>0.000000</td>\n",
       "      <td>0.000000</td>\n",
       "      <td>0.002607</td>\n",
       "      <td>0.000000</td>\n",
       "      <td>0.000000</td>\n",
       "      <td>0.000000</td>\n",
       "      <td>...</td>\n",
       "      <td>0.007525</td>\n",
       "      <td>0.026666</td>\n",
       "      <td>0.059648</td>\n",
       "      <td>1.110076</td>\n",
       "      <td>1.226022</td>\n",
       "      <td>1.033389</td>\n",
       "      <td>2.108460</td>\n",
       "      <td>0.033580</td>\n",
       "      <td>0.000000</td>\n",
       "      <td>0.000000</td>\n",
       "    </tr>\n",
       "    <tr>\n",
       "      <th>TGFBI</th>\n",
       "      <td>0.065150</td>\n",
       "      <td>0.111107</td>\n",
       "      <td>1.802062</td>\n",
       "      <td>1.252701</td>\n",
       "      <td>2.190132</td>\n",
       "      <td>0.000000</td>\n",
       "      <td>0.083882</td>\n",
       "      <td>0.100460</td>\n",
       "      <td>0.326610</td>\n",
       "      <td>4.492828</td>\n",
       "      <td>...</td>\n",
       "      <td>0.045932</td>\n",
       "      <td>0.067610</td>\n",
       "      <td>0.521915</td>\n",
       "      <td>0.393191</td>\n",
       "      <td>0.175393</td>\n",
       "      <td>0.311884</td>\n",
       "      <td>0.258512</td>\n",
       "      <td>0.119010</td>\n",
       "      <td>0.404976</td>\n",
       "      <td>0.032419</td>\n",
       "    </tr>\n",
       "    <tr>\n",
       "      <th>PDGFRA</th>\n",
       "      <td>0.000000</td>\n",
       "      <td>0.000000</td>\n",
       "      <td>0.000965</td>\n",
       "      <td>0.002414</td>\n",
       "      <td>0.003172</td>\n",
       "      <td>0.000000</td>\n",
       "      <td>0.000000</td>\n",
       "      <td>0.005035</td>\n",
       "      <td>0.000000</td>\n",
       "      <td>0.000000</td>\n",
       "      <td>...</td>\n",
       "      <td>0.011427</td>\n",
       "      <td>0.002920</td>\n",
       "      <td>0.000000</td>\n",
       "      <td>1.772957</td>\n",
       "      <td>3.724075</td>\n",
       "      <td>0.128634</td>\n",
       "      <td>0.059852</td>\n",
       "      <td>0.000000</td>\n",
       "      <td>0.332479</td>\n",
       "      <td>0.000000</td>\n",
       "    </tr>\n",
       "    <tr>\n",
       "      <th>GZMA</th>\n",
       "      <td>0.013437</td>\n",
       "      <td>0.142837</td>\n",
       "      <td>0.174047</td>\n",
       "      <td>0.029326</td>\n",
       "      <td>0.020453</td>\n",
       "      <td>0.025113</td>\n",
       "      <td>0.063292</td>\n",
       "      <td>9.006065</td>\n",
       "      <td>19.687157</td>\n",
       "      <td>0.000000</td>\n",
       "      <td>...</td>\n",
       "      <td>0.044351</td>\n",
       "      <td>0.042996</td>\n",
       "      <td>0.073877</td>\n",
       "      <td>0.029919</td>\n",
       "      <td>0.081036</td>\n",
       "      <td>0.119041</td>\n",
       "      <td>0.000000</td>\n",
       "      <td>0.460141</td>\n",
       "      <td>0.044982</td>\n",
       "      <td>0.058806</td>\n",
       "    </tr>\n",
       "  </tbody>\n",
       "</table>\n",
       "<p>5 rows × 30 columns</p>\n",
       "</div>"
      ],
      "text/plain": [
       "         neutrophil  basophil  monocyte  macrophage  dendritic         B  \\\n",
       "COL13A1    0.000000  0.222863  0.000000    0.000711   0.000000  0.000000   \n",
       "COL14A1    0.000000  0.000000  0.001422    0.001362   0.000000  0.000000   \n",
       "TGFBI      0.065150  0.111107  1.802062    1.252701   2.190132  0.000000   \n",
       "PDGFRA     0.000000  0.000000  0.000965    0.002414   0.003172  0.000000   \n",
       "GZMA       0.013437  0.142837  0.174047    0.029326   0.020453  0.025113   \n",
       "\n",
       "           plasma         T         NK  plasmacytoid  ...  capillary  \\\n",
       "COL13A1  0.002205  0.000000   0.029147      0.000000  ...   0.003937   \n",
       "COL14A1  0.002607  0.000000   0.000000      0.000000  ...   0.007525   \n",
       "TGFBI    0.083882  0.100460   0.326610      4.492828  ...   0.045932   \n",
       "PDGFRA   0.000000  0.005035   0.000000      0.000000  ...   0.011427   \n",
       "GZMA     0.063292  9.006065  19.687157      0.000000  ...   0.044351   \n",
       "\n",
       "             CAP2  lymphatic  fibroblast  alveolar fibroblast  smooth muscle  \\\n",
       "COL13A1  0.000000   0.000000    0.005113             0.446961       0.000000   \n",
       "COL14A1  0.026666   0.059648    1.110076             1.226022       1.033389   \n",
       "TGFBI    0.067610   0.521915    0.393191             0.175393       0.311884   \n",
       "PDGFRA   0.002920   0.000000    1.772957             3.724075       0.128634   \n",
       "GZMA     0.042996   0.073877    0.029919             0.081036       0.119041   \n",
       "\n",
       "         vascular smooth muscle  pericyte  mesothelial  ionocyte  \n",
       "COL13A1                0.131642  0.067960     0.000000  0.000000  \n",
       "COL14A1                2.108460  0.033580     0.000000  0.000000  \n",
       "TGFBI                  0.258512  0.119010     0.404976  0.032419  \n",
       "PDGFRA                 0.059852  0.000000     0.332479  0.000000  \n",
       "GZMA                   0.000000  0.460141     0.044982  0.058806  \n",
       "\n",
       "[5 rows x 30 columns]"
      ]
     },
     "metadata": {},
     "output_type": "display_data"
    }
   ],
   "source": [
    "avg_gene_expr_lung = api.average(\n",
    "    organism = \"h_sapiens\", \n",
    "    organ = \"lung\", \n",
    "    features = [\"COL13A1\", \"COL14A1\", \"TGFBI\", \"PDGFRA\", \"GZMA\"], \n",
    "    # measurement_type = 'gene_expression'\n",
    ")\n",
    "\n",
    "# Display the result\n",
    "display(avg_gene_expr_lung)"
   ]
  },
  {
   "cell_type": "markdown",
   "metadata": {},
   "source": [
    "### **Output**\n",
    "\n",
    "The `avg_gene_expr_lung` variable contains a Pandas DataFrame where:\n",
    "* Each row represents a gene.\n",
    "* Each column corresponds to a cell type.\n",
    "* The values indicate the average gene expression, measured in counts per ten thousand (cptt)."
   ]
  },
  {
   "cell_type": "markdown",
   "metadata": {},
   "source": [
    "**1.2** The `average` function takes *gene_expression* as the default measurement type but can also get *chromatin accessibility* of cells in organs of *h_sapiens*.\n",
    "\n",
    "The following example shows how to examine the average chromatin accessibility of two genomic regions (*chr1:9955-10355*, *chr10:122199710-122200110*) in the human lung:"
   ]
  },
  {
   "cell_type": "code",
   "execution_count": 60,
   "metadata": {},
   "outputs": [
    {
     "data": {
      "text/html": [
       "<div>\n",
       "<style scoped>\n",
       "    .dataframe tbody tr th:only-of-type {\n",
       "        vertical-align: middle;\n",
       "    }\n",
       "\n",
       "    .dataframe tbody tr th {\n",
       "        vertical-align: top;\n",
       "    }\n",
       "\n",
       "    .dataframe thead th {\n",
       "        text-align: right;\n",
       "    }\n",
       "</style>\n",
       "<table border=\"1\" class=\"dataframe\">\n",
       "  <thead>\n",
       "    <tr style=\"text-align: right;\">\n",
       "      <th></th>\n",
       "      <th>mast</th>\n",
       "      <th>macrophage</th>\n",
       "      <th>alveolar macrophage</th>\n",
       "      <th>B</th>\n",
       "      <th>plasma</th>\n",
       "      <th>T</th>\n",
       "      <th>NK</th>\n",
       "      <th>AT1</th>\n",
       "      <th>AT2</th>\n",
       "      <th>club</th>\n",
       "      <th>ciliated</th>\n",
       "      <th>capillary</th>\n",
       "      <th>lymphatic</th>\n",
       "      <th>fibroblast</th>\n",
       "      <th>smooth muscle</th>\n",
       "      <th>vascular smooth muscle</th>\n",
       "      <th>pericyte</th>\n",
       "      <th>mesothelial</th>\n",
       "      <th>neuroendocrine</th>\n",
       "    </tr>\n",
       "  </thead>\n",
       "  <tbody>\n",
       "    <tr>\n",
       "      <th>chr1:9955-10355</th>\n",
       "      <td>0.0</td>\n",
       "      <td>0.007900</td>\n",
       "      <td>0.018190</td>\n",
       "      <td>0.003077</td>\n",
       "      <td>0.017543</td>\n",
       "      <td>0.008494</td>\n",
       "      <td>0.014113</td>\n",
       "      <td>0.011353</td>\n",
       "      <td>0.010183</td>\n",
       "      <td>0.004265</td>\n",
       "      <td>0.000000</td>\n",
       "      <td>0.008808</td>\n",
       "      <td>0.040392</td>\n",
       "      <td>0.009133</td>\n",
       "      <td>0.0</td>\n",
       "      <td>0.0</td>\n",
       "      <td>0.008808</td>\n",
       "      <td>0.0</td>\n",
       "      <td>0.0</td>\n",
       "    </tr>\n",
       "    <tr>\n",
       "      <th>chr10:122199710-122200110</th>\n",
       "      <td>0.0</td>\n",
       "      <td>0.001852</td>\n",
       "      <td>0.003558</td>\n",
       "      <td>0.006129</td>\n",
       "      <td>0.000000</td>\n",
       "      <td>0.001337</td>\n",
       "      <td>0.000000</td>\n",
       "      <td>0.006590</td>\n",
       "      <td>0.006129</td>\n",
       "      <td>0.001437</td>\n",
       "      <td>0.005302</td>\n",
       "      <td>0.002567</td>\n",
       "      <td>0.000000</td>\n",
       "      <td>0.000776</td>\n",
       "      <td>0.0</td>\n",
       "      <td>0.0</td>\n",
       "      <td>0.004423</td>\n",
       "      <td>0.0</td>\n",
       "      <td>0.0</td>\n",
       "    </tr>\n",
       "  </tbody>\n",
       "</table>\n",
       "</div>"
      ],
      "text/plain": [
       "                           mast  macrophage  alveolar macrophage         B  \\\n",
       "chr1:9955-10355             0.0    0.007900             0.018190  0.003077   \n",
       "chr10:122199710-122200110   0.0    0.001852             0.003558  0.006129   \n",
       "\n",
       "                             plasma         T        NK       AT1       AT2  \\\n",
       "chr1:9955-10355            0.017543  0.008494  0.014113  0.011353  0.010183   \n",
       "chr10:122199710-122200110  0.000000  0.001337  0.000000  0.006590  0.006129   \n",
       "\n",
       "                               club  ciliated  capillary  lymphatic  \\\n",
       "chr1:9955-10355            0.004265  0.000000   0.008808   0.040392   \n",
       "chr10:122199710-122200110  0.001437  0.005302   0.002567   0.000000   \n",
       "\n",
       "                           fibroblast  smooth muscle  vascular smooth muscle  \\\n",
       "chr1:9955-10355              0.009133            0.0                     0.0   \n",
       "chr10:122199710-122200110    0.000776            0.0                     0.0   \n",
       "\n",
       "                           pericyte  mesothelial  neuroendocrine  \n",
       "chr1:9955-10355            0.008808          0.0             0.0  \n",
       "chr10:122199710-122200110  0.004423          0.0             0.0  "
      ]
     },
     "metadata": {},
     "output_type": "display_data"
    }
   ],
   "source": [
    "# Call API function with params\n",
    "avg_chrom_access_lung = api.average(\n",
    "    organism = \"h_sapiens\", \n",
    "    organ = \"lung\", \n",
    "    features = ['chr1:9955-10355', 'chr10:122199710-122200110'],    # set genomic regions as feature input\n",
    "    measurement_type = 'chromatin_accessibility'        # change measurement_type to chromatin_accessibility\n",
    ")\n",
    "\n",
    "# Display the result\n",
    "display(avg_chrom_access_lung)"
   ]
  },
  {
   "cell_type": "markdown",
   "metadata": {},
   "source": [
    "### **Output**\n",
    "`avg_chrom_access_lung` returns a Pandas DataFrame where:\n",
    "* Each row represents a genomic region.\n",
    "* Each column corresponds to a cell type.\n",
    "* The values indicate the average chromatin accessibility, expressed as a fraction of accessibility."
   ]
  },
  {
   "cell_type": "markdown",
   "metadata": {},
   "source": [
    "## **Example 2: Log transformation of gene expression data**"
   ]
  },
  {
   "cell_type": "markdown",
   "metadata": {},
   "source": [
    "Logarithmic transformation is a widely used technique in bioinformatics and computational biology to enhance dynamic range and normalize data distribution. The following example demonstrates applying a logarithmic transformation to each cell type's average gene expression values in the `avg_gene_expr_lung` data frame."
   ]
  },
  {
   "cell_type": "code",
   "execution_count": 76,
   "metadata": {},
   "outputs": [
    {
     "data": {
      "text/html": [
       "<div>\n",
       "<style scoped>\n",
       "    .dataframe tbody tr th:only-of-type {\n",
       "        vertical-align: middle;\n",
       "    }\n",
       "\n",
       "    .dataframe tbody tr th {\n",
       "        vertical-align: top;\n",
       "    }\n",
       "\n",
       "    .dataframe thead th {\n",
       "        text-align: right;\n",
       "    }\n",
       "</style>\n",
       "<table border=\"1\" class=\"dataframe\">\n",
       "  <thead>\n",
       "    <tr style=\"text-align: right;\">\n",
       "      <th></th>\n",
       "      <th>neutrophil</th>\n",
       "      <th>basophil</th>\n",
       "      <th>monocyte</th>\n",
       "      <th>macrophage</th>\n",
       "      <th>dendritic</th>\n",
       "      <th>B</th>\n",
       "      <th>plasma</th>\n",
       "      <th>T</th>\n",
       "      <th>NK</th>\n",
       "      <th>plasmacytoid</th>\n",
       "      <th>...</th>\n",
       "      <th>capillary</th>\n",
       "      <th>CAP2</th>\n",
       "      <th>lymphatic</th>\n",
       "      <th>fibroblast</th>\n",
       "      <th>alveolar fibroblast</th>\n",
       "      <th>smooth muscle</th>\n",
       "      <th>vascular smooth muscle</th>\n",
       "      <th>pericyte</th>\n",
       "      <th>mesothelial</th>\n",
       "      <th>ionocyte</th>\n",
       "    </tr>\n",
       "  </thead>\n",
       "  <tbody>\n",
       "    <tr>\n",
       "      <th>COL13A1</th>\n",
       "      <td></td>\n",
       "      <td>-1.501198</td>\n",
       "      <td></td>\n",
       "      <td>-7.249410</td>\n",
       "      <td></td>\n",
       "      <td></td>\n",
       "      <td>-6.116957</td>\n",
       "      <td></td>\n",
       "      <td>-3.535399</td>\n",
       "      <td></td>\n",
       "      <td>...</td>\n",
       "      <td>-5.537455</td>\n",
       "      <td></td>\n",
       "      <td></td>\n",
       "      <td>-5.275936</td>\n",
       "      <td>-0.805285</td>\n",
       "      <td></td>\n",
       "      <td>-2.027668</td>\n",
       "      <td>-2.68884</td>\n",
       "      <td></td>\n",
       "      <td></td>\n",
       "    </tr>\n",
       "    <tr>\n",
       "      <th>COL14A1</th>\n",
       "      <td></td>\n",
       "      <td></td>\n",
       "      <td>-6.555747</td>\n",
       "      <td>-6.598998</td>\n",
       "      <td></td>\n",
       "      <td></td>\n",
       "      <td>-5.94964</td>\n",
       "      <td></td>\n",
       "      <td></td>\n",
       "      <td></td>\n",
       "      <td>...</td>\n",
       "      <td>-4.889478</td>\n",
       "      <td>-3.62438</td>\n",
       "      <td>-2.819287</td>\n",
       "      <td>0.104429</td>\n",
       "      <td>0.203775</td>\n",
       "      <td>0.032843</td>\n",
       "      <td>0.745958</td>\n",
       "      <td>-3.393838</td>\n",
       "      <td></td>\n",
       "      <td></td>\n",
       "    </tr>\n",
       "    <tr>\n",
       "      <th>TGFBI</th>\n",
       "      <td>-2.731059</td>\n",
       "      <td>-2.197259</td>\n",
       "      <td>0.588932</td>\n",
       "      <td>0.225302</td>\n",
       "      <td>0.783962</td>\n",
       "      <td></td>\n",
       "      <td>-2.47835</td>\n",
       "      <td>-2.297996</td>\n",
       "      <td>-1.118988</td>\n",
       "      <td>1.502482</td>\n",
       "      <td>...</td>\n",
       "      <td>-3.080590</td>\n",
       "      <td>-2.693996</td>\n",
       "      <td>-0.650251</td>\n",
       "      <td>-0.933461</td>\n",
       "      <td>-1.740724</td>\n",
       "      <td>-1.165125</td>\n",
       "      <td>-1.352811</td>\n",
       "      <td>-2.12855</td>\n",
       "      <td>-0.903927</td>\n",
       "      <td>-3.429023</td>\n",
       "    </tr>\n",
       "    <tr>\n",
       "      <th>PDGFRA</th>\n",
       "      <td></td>\n",
       "      <td></td>\n",
       "      <td>-6.943553</td>\n",
       "      <td>-6.026530</td>\n",
       "      <td>-5.753339</td>\n",
       "      <td></td>\n",
       "      <td></td>\n",
       "      <td>-5.291354</td>\n",
       "      <td></td>\n",
       "      <td></td>\n",
       "      <td>...</td>\n",
       "      <td>-4.471744</td>\n",
       "      <td>-5.836216</td>\n",
       "      <td></td>\n",
       "      <td>0.572649</td>\n",
       "      <td>1.314818</td>\n",
       "      <td>-2.050781</td>\n",
       "      <td>-2.815888</td>\n",
       "      <td></td>\n",
       "      <td>-1.101177</td>\n",
       "      <td></td>\n",
       "    </tr>\n",
       "    <tr>\n",
       "      <th>GZMA</th>\n",
       "      <td>-4.309722</td>\n",
       "      <td>-1.946054</td>\n",
       "      <td>-1.74843</td>\n",
       "      <td>-3.529284</td>\n",
       "      <td>-3.889648</td>\n",
       "      <td>-3.684367</td>\n",
       "      <td>-2.75999</td>\n",
       "      <td>2.197898</td>\n",
       "      <td>2.979966</td>\n",
       "      <td></td>\n",
       "      <td>...</td>\n",
       "      <td>-3.115621</td>\n",
       "      <td>-3.14664</td>\n",
       "      <td>-2.605353</td>\n",
       "      <td>-3.509257</td>\n",
       "      <td>-2.512862</td>\n",
       "      <td>-2.128287</td>\n",
       "      <td></td>\n",
       "      <td>-0.776221</td>\n",
       "      <td>-3.101483</td>\n",
       "      <td>-2.833507</td>\n",
       "    </tr>\n",
       "  </tbody>\n",
       "</table>\n",
       "<p>5 rows × 30 columns</p>\n",
       "</div>"
      ],
      "text/plain": [
       "        neutrophil  basophil  monocyte  macrophage dendritic         B  \\\n",
       "COL13A1            -1.501198             -7.249410                       \n",
       "COL14A1                      -6.555747   -6.598998                       \n",
       "TGFBI    -2.731059 -2.197259  0.588932    0.225302  0.783962             \n",
       "PDGFRA                       -6.943553   -6.026530 -5.753339             \n",
       "GZMA     -4.309722 -1.946054  -1.74843   -3.529284 -3.889648 -3.684367   \n",
       "\n",
       "           plasma         T        NK plasmacytoid  ... capillary      CAP2  \\\n",
       "COL13A1 -6.116957           -3.535399               ... -5.537455             \n",
       "COL14A1  -5.94964                                   ... -4.889478  -3.62438   \n",
       "TGFBI    -2.47835 -2.297996 -1.118988     1.502482  ... -3.080590 -2.693996   \n",
       "PDGFRA            -5.291354                         ... -4.471744 -5.836216   \n",
       "GZMA     -2.75999  2.197898  2.979966               ... -3.115621  -3.14664   \n",
       "\n",
       "         lymphatic  fibroblast  alveolar fibroblast  smooth muscle  \\\n",
       "COL13A1              -5.275936            -0.805285                  \n",
       "COL14A1  -2.819287    0.104429             0.203775       0.032843   \n",
       "TGFBI    -0.650251   -0.933461            -1.740724      -1.165125   \n",
       "PDGFRA                0.572649             1.314818      -2.050781   \n",
       "GZMA     -2.605353   -3.509257            -2.512862      -2.128287   \n",
       "\n",
       "        vascular smooth muscle  pericyte mesothelial  ionocyte  \n",
       "COL13A1              -2.027668  -2.68884                        \n",
       "COL14A1               0.745958 -3.393838                        \n",
       "TGFBI                -1.352811  -2.12855   -0.903927 -3.429023  \n",
       "PDGFRA               -2.815888             -1.101177            \n",
       "GZMA                           -0.776221   -3.101483 -2.833507  \n",
       "\n",
       "[5 rows x 30 columns]"
      ]
     },
     "metadata": {},
     "output_type": "display_data"
    }
   ],
   "source": [
    "import numpy as np\n",
    "\n",
    "# Apply the logarithm (e.g., natural logarithm) to all cells in the DataFrame\n",
    "# Filter all 0 input to avoid \"devide by 0 runtime error\"\n",
    "log_avg_gene_expr_lung = avg_gene_expr_lung.map(lambda x: np.log(x) if x != 0 else \"\")\n",
    "\n",
    "# Display the result\n",
    "display(log_avg_gene_expr_lung)"
   ]
  },
  {
   "cell_type": "markdown",
   "metadata": {},
   "source": [
    "### **Output**\n",
    "`log_avg_gene_expr_lung` returns a Pandas DataFrame with the following structure:\n",
    "* Each row represents a gene.\n",
    "* Each column corresponds to a cell type.\n",
    "* The values represent the logarithmically transformed average gene expression, measured in counts per ten thousand (cptt).\n",
    "* For cells with zero values in the original data, the logarithmic transformation results are replaced with an empty string to handle undefined logarithms."
   ]
  },
  {
   "cell_type": "markdown",
   "metadata": {},
   "source": [
    "## **Example 3: Sorting gene expression data by cell type**"
   ]
  },
  {
   "cell_type": "markdown",
   "metadata": {},
   "source": [
    "This example shows how to sort `avg_gene_expr_lung` by the average gene expression in a specific cell type (neutrophils), in ascending order."
   ]
  },
  {
   "cell_type": "code",
   "execution_count": 62,
   "metadata": {},
   "outputs": [
    {
     "data": {
      "text/html": [
       "<div>\n",
       "<style scoped>\n",
       "    .dataframe tbody tr th:only-of-type {\n",
       "        vertical-align: middle;\n",
       "    }\n",
       "\n",
       "    .dataframe tbody tr th {\n",
       "        vertical-align: top;\n",
       "    }\n",
       "\n",
       "    .dataframe thead th {\n",
       "        text-align: right;\n",
       "    }\n",
       "</style>\n",
       "<table border=\"1\" class=\"dataframe\">\n",
       "  <thead>\n",
       "    <tr style=\"text-align: right;\">\n",
       "      <th></th>\n",
       "      <th>neutrophil</th>\n",
       "      <th>basophil</th>\n",
       "      <th>monocyte</th>\n",
       "      <th>macrophage</th>\n",
       "      <th>dendritic</th>\n",
       "      <th>B</th>\n",
       "      <th>plasma</th>\n",
       "      <th>T</th>\n",
       "      <th>NK</th>\n",
       "      <th>plasmacytoid</th>\n",
       "      <th>...</th>\n",
       "      <th>capillary</th>\n",
       "      <th>CAP2</th>\n",
       "      <th>lymphatic</th>\n",
       "      <th>fibroblast</th>\n",
       "      <th>alveolar fibroblast</th>\n",
       "      <th>smooth muscle</th>\n",
       "      <th>vascular smooth muscle</th>\n",
       "      <th>pericyte</th>\n",
       "      <th>mesothelial</th>\n",
       "      <th>ionocyte</th>\n",
       "    </tr>\n",
       "  </thead>\n",
       "  <tbody>\n",
       "    <tr>\n",
       "      <th>COL13A1</th>\n",
       "      <td>0.000000</td>\n",
       "      <td>0.222863</td>\n",
       "      <td>0.000000</td>\n",
       "      <td>0.000711</td>\n",
       "      <td>0.000000</td>\n",
       "      <td>0.000000</td>\n",
       "      <td>0.002205</td>\n",
       "      <td>0.000000</td>\n",
       "      <td>0.029147</td>\n",
       "      <td>0.000000</td>\n",
       "      <td>...</td>\n",
       "      <td>0.003937</td>\n",
       "      <td>0.000000</td>\n",
       "      <td>0.000000</td>\n",
       "      <td>0.005113</td>\n",
       "      <td>0.446961</td>\n",
       "      <td>0.000000</td>\n",
       "      <td>0.131642</td>\n",
       "      <td>0.067960</td>\n",
       "      <td>0.000000</td>\n",
       "      <td>0.000000</td>\n",
       "    </tr>\n",
       "    <tr>\n",
       "      <th>COL14A1</th>\n",
       "      <td>0.000000</td>\n",
       "      <td>0.000000</td>\n",
       "      <td>0.001422</td>\n",
       "      <td>0.001362</td>\n",
       "      <td>0.000000</td>\n",
       "      <td>0.000000</td>\n",
       "      <td>0.002607</td>\n",
       "      <td>0.000000</td>\n",
       "      <td>0.000000</td>\n",
       "      <td>0.000000</td>\n",
       "      <td>...</td>\n",
       "      <td>0.007525</td>\n",
       "      <td>0.026666</td>\n",
       "      <td>0.059648</td>\n",
       "      <td>1.110076</td>\n",
       "      <td>1.226022</td>\n",
       "      <td>1.033389</td>\n",
       "      <td>2.108460</td>\n",
       "      <td>0.033580</td>\n",
       "      <td>0.000000</td>\n",
       "      <td>0.000000</td>\n",
       "    </tr>\n",
       "    <tr>\n",
       "      <th>PDGFRA</th>\n",
       "      <td>0.000000</td>\n",
       "      <td>0.000000</td>\n",
       "      <td>0.000965</td>\n",
       "      <td>0.002414</td>\n",
       "      <td>0.003172</td>\n",
       "      <td>0.000000</td>\n",
       "      <td>0.000000</td>\n",
       "      <td>0.005035</td>\n",
       "      <td>0.000000</td>\n",
       "      <td>0.000000</td>\n",
       "      <td>...</td>\n",
       "      <td>0.011427</td>\n",
       "      <td>0.002920</td>\n",
       "      <td>0.000000</td>\n",
       "      <td>1.772957</td>\n",
       "      <td>3.724075</td>\n",
       "      <td>0.128634</td>\n",
       "      <td>0.059852</td>\n",
       "      <td>0.000000</td>\n",
       "      <td>0.332479</td>\n",
       "      <td>0.000000</td>\n",
       "    </tr>\n",
       "    <tr>\n",
       "      <th>GZMA</th>\n",
       "      <td>0.013437</td>\n",
       "      <td>0.142837</td>\n",
       "      <td>0.174047</td>\n",
       "      <td>0.029326</td>\n",
       "      <td>0.020453</td>\n",
       "      <td>0.025113</td>\n",
       "      <td>0.063292</td>\n",
       "      <td>9.006065</td>\n",
       "      <td>19.687157</td>\n",
       "      <td>0.000000</td>\n",
       "      <td>...</td>\n",
       "      <td>0.044351</td>\n",
       "      <td>0.042996</td>\n",
       "      <td>0.073877</td>\n",
       "      <td>0.029919</td>\n",
       "      <td>0.081036</td>\n",
       "      <td>0.119041</td>\n",
       "      <td>0.000000</td>\n",
       "      <td>0.460141</td>\n",
       "      <td>0.044982</td>\n",
       "      <td>0.058806</td>\n",
       "    </tr>\n",
       "    <tr>\n",
       "      <th>TGFBI</th>\n",
       "      <td>0.065150</td>\n",
       "      <td>0.111107</td>\n",
       "      <td>1.802062</td>\n",
       "      <td>1.252701</td>\n",
       "      <td>2.190132</td>\n",
       "      <td>0.000000</td>\n",
       "      <td>0.083882</td>\n",
       "      <td>0.100460</td>\n",
       "      <td>0.326610</td>\n",
       "      <td>4.492828</td>\n",
       "      <td>...</td>\n",
       "      <td>0.045932</td>\n",
       "      <td>0.067610</td>\n",
       "      <td>0.521915</td>\n",
       "      <td>0.393191</td>\n",
       "      <td>0.175393</td>\n",
       "      <td>0.311884</td>\n",
       "      <td>0.258512</td>\n",
       "      <td>0.119010</td>\n",
       "      <td>0.404976</td>\n",
       "      <td>0.032419</td>\n",
       "    </tr>\n",
       "  </tbody>\n",
       "</table>\n",
       "<p>5 rows × 30 columns</p>\n",
       "</div>"
      ],
      "text/plain": [
       "         neutrophil  basophil  monocyte  macrophage  dendritic         B  \\\n",
       "COL13A1    0.000000  0.222863  0.000000    0.000711   0.000000  0.000000   \n",
       "COL14A1    0.000000  0.000000  0.001422    0.001362   0.000000  0.000000   \n",
       "PDGFRA     0.000000  0.000000  0.000965    0.002414   0.003172  0.000000   \n",
       "GZMA       0.013437  0.142837  0.174047    0.029326   0.020453  0.025113   \n",
       "TGFBI      0.065150  0.111107  1.802062    1.252701   2.190132  0.000000   \n",
       "\n",
       "           plasma         T         NK  plasmacytoid  ...  capillary  \\\n",
       "COL13A1  0.002205  0.000000   0.029147      0.000000  ...   0.003937   \n",
       "COL14A1  0.002607  0.000000   0.000000      0.000000  ...   0.007525   \n",
       "PDGFRA   0.000000  0.005035   0.000000      0.000000  ...   0.011427   \n",
       "GZMA     0.063292  9.006065  19.687157      0.000000  ...   0.044351   \n",
       "TGFBI    0.083882  0.100460   0.326610      4.492828  ...   0.045932   \n",
       "\n",
       "             CAP2  lymphatic  fibroblast  alveolar fibroblast  smooth muscle  \\\n",
       "COL13A1  0.000000   0.000000    0.005113             0.446961       0.000000   \n",
       "COL14A1  0.026666   0.059648    1.110076             1.226022       1.033389   \n",
       "PDGFRA   0.002920   0.000000    1.772957             3.724075       0.128634   \n",
       "GZMA     0.042996   0.073877    0.029919             0.081036       0.119041   \n",
       "TGFBI    0.067610   0.521915    0.393191             0.175393       0.311884   \n",
       "\n",
       "         vascular smooth muscle  pericyte  mesothelial  ionocyte  \n",
       "COL13A1                0.131642  0.067960     0.000000  0.000000  \n",
       "COL14A1                2.108460  0.033580     0.000000  0.000000  \n",
       "PDGFRA                 0.059852  0.000000     0.332479  0.000000  \n",
       "GZMA                   0.000000  0.460141     0.044982  0.058806  \n",
       "TGFBI                  0.258512  0.119010     0.404976  0.032419  \n",
       "\n",
       "[5 rows x 30 columns]"
      ]
     },
     "metadata": {},
     "output_type": "display_data"
    }
   ],
   "source": [
    "sorted_by_neutrophil = avg_gene_expr_lung.sort_values(by='neutrophil')\n",
    "\n",
    "display(sorted_by_neutrophil)"
   ]
  },
  {
   "cell_type": "markdown",
   "metadata": {},
   "source": [
    "### **Output**\n",
    "`sorted_by_neutrophil` gives a *Pandas DataFrame* where:\n",
    "* Each row represents a gene.  \n",
    "* Each column corresponds to a cell type.\n",
    "* The values indicate the average gene expression (measured in counts per ten thousand, or cptt).\n",
    "* The order of the rows is based on the average gene expression in neutrophil in ascending order."
   ]
  },
  {
   "cell_type": "markdown",
   "metadata": {},
   "source": [
    "Additionally, `sort_values()` can return the output in descending order by setting the ascending parameter to False:"
   ]
  },
  {
   "cell_type": "code",
   "execution_count": 63,
   "metadata": {},
   "outputs": [
    {
     "data": {
      "text/html": [
       "<div>\n",
       "<style scoped>\n",
       "    .dataframe tbody tr th:only-of-type {\n",
       "        vertical-align: middle;\n",
       "    }\n",
       "\n",
       "    .dataframe tbody tr th {\n",
       "        vertical-align: top;\n",
       "    }\n",
       "\n",
       "    .dataframe thead th {\n",
       "        text-align: right;\n",
       "    }\n",
       "</style>\n",
       "<table border=\"1\" class=\"dataframe\">\n",
       "  <thead>\n",
       "    <tr style=\"text-align: right;\">\n",
       "      <th></th>\n",
       "      <th>neutrophil</th>\n",
       "      <th>basophil</th>\n",
       "      <th>monocyte</th>\n",
       "      <th>macrophage</th>\n",
       "      <th>dendritic</th>\n",
       "      <th>B</th>\n",
       "      <th>plasma</th>\n",
       "      <th>T</th>\n",
       "      <th>NK</th>\n",
       "      <th>plasmacytoid</th>\n",
       "      <th>...</th>\n",
       "      <th>capillary</th>\n",
       "      <th>CAP2</th>\n",
       "      <th>lymphatic</th>\n",
       "      <th>fibroblast</th>\n",
       "      <th>alveolar fibroblast</th>\n",
       "      <th>smooth muscle</th>\n",
       "      <th>vascular smooth muscle</th>\n",
       "      <th>pericyte</th>\n",
       "      <th>mesothelial</th>\n",
       "      <th>ionocyte</th>\n",
       "    </tr>\n",
       "  </thead>\n",
       "  <tbody>\n",
       "    <tr>\n",
       "      <th>TGFBI</th>\n",
       "      <td>0.065150</td>\n",
       "      <td>0.111107</td>\n",
       "      <td>1.802062</td>\n",
       "      <td>1.252701</td>\n",
       "      <td>2.190132</td>\n",
       "      <td>0.000000</td>\n",
       "      <td>0.083882</td>\n",
       "      <td>0.100460</td>\n",
       "      <td>0.326610</td>\n",
       "      <td>4.492828</td>\n",
       "      <td>...</td>\n",
       "      <td>0.045932</td>\n",
       "      <td>0.067610</td>\n",
       "      <td>0.521915</td>\n",
       "      <td>0.393191</td>\n",
       "      <td>0.175393</td>\n",
       "      <td>0.311884</td>\n",
       "      <td>0.258512</td>\n",
       "      <td>0.119010</td>\n",
       "      <td>0.404976</td>\n",
       "      <td>0.032419</td>\n",
       "    </tr>\n",
       "    <tr>\n",
       "      <th>GZMA</th>\n",
       "      <td>0.013437</td>\n",
       "      <td>0.142837</td>\n",
       "      <td>0.174047</td>\n",
       "      <td>0.029326</td>\n",
       "      <td>0.020453</td>\n",
       "      <td>0.025113</td>\n",
       "      <td>0.063292</td>\n",
       "      <td>9.006065</td>\n",
       "      <td>19.687157</td>\n",
       "      <td>0.000000</td>\n",
       "      <td>...</td>\n",
       "      <td>0.044351</td>\n",
       "      <td>0.042996</td>\n",
       "      <td>0.073877</td>\n",
       "      <td>0.029919</td>\n",
       "      <td>0.081036</td>\n",
       "      <td>0.119041</td>\n",
       "      <td>0.000000</td>\n",
       "      <td>0.460141</td>\n",
       "      <td>0.044982</td>\n",
       "      <td>0.058806</td>\n",
       "    </tr>\n",
       "    <tr>\n",
       "      <th>COL13A1</th>\n",
       "      <td>0.000000</td>\n",
       "      <td>0.222863</td>\n",
       "      <td>0.000000</td>\n",
       "      <td>0.000711</td>\n",
       "      <td>0.000000</td>\n",
       "      <td>0.000000</td>\n",
       "      <td>0.002205</td>\n",
       "      <td>0.000000</td>\n",
       "      <td>0.029147</td>\n",
       "      <td>0.000000</td>\n",
       "      <td>...</td>\n",
       "      <td>0.003937</td>\n",
       "      <td>0.000000</td>\n",
       "      <td>0.000000</td>\n",
       "      <td>0.005113</td>\n",
       "      <td>0.446961</td>\n",
       "      <td>0.000000</td>\n",
       "      <td>0.131642</td>\n",
       "      <td>0.067960</td>\n",
       "      <td>0.000000</td>\n",
       "      <td>0.000000</td>\n",
       "    </tr>\n",
       "    <tr>\n",
       "      <th>COL14A1</th>\n",
       "      <td>0.000000</td>\n",
       "      <td>0.000000</td>\n",
       "      <td>0.001422</td>\n",
       "      <td>0.001362</td>\n",
       "      <td>0.000000</td>\n",
       "      <td>0.000000</td>\n",
       "      <td>0.002607</td>\n",
       "      <td>0.000000</td>\n",
       "      <td>0.000000</td>\n",
       "      <td>0.000000</td>\n",
       "      <td>...</td>\n",
       "      <td>0.007525</td>\n",
       "      <td>0.026666</td>\n",
       "      <td>0.059648</td>\n",
       "      <td>1.110076</td>\n",
       "      <td>1.226022</td>\n",
       "      <td>1.033389</td>\n",
       "      <td>2.108460</td>\n",
       "      <td>0.033580</td>\n",
       "      <td>0.000000</td>\n",
       "      <td>0.000000</td>\n",
       "    </tr>\n",
       "    <tr>\n",
       "      <th>PDGFRA</th>\n",
       "      <td>0.000000</td>\n",
       "      <td>0.000000</td>\n",
       "      <td>0.000965</td>\n",
       "      <td>0.002414</td>\n",
       "      <td>0.003172</td>\n",
       "      <td>0.000000</td>\n",
       "      <td>0.000000</td>\n",
       "      <td>0.005035</td>\n",
       "      <td>0.000000</td>\n",
       "      <td>0.000000</td>\n",
